event	left node	right node	left date	right date	midpoint date
los	1730	UNSAMPLED	?	0.0	?
los	1730	UNSAMPLED	?	0.0	?
los	1730	UNSAMPLED	?	0.0	?
los	1730	UNSAMPLED	?	0.0	?
los	1730	UNSAMPLED	?	0.0	?
los	1730	UNSAMPLED	?	0.0	?
los	1730	UNSAMPLED	?	0.0	?
hgt	1730	UNSAMPLED	?	0.0	?
hgt	1730	UNSAMPLED	?	0.0	?
hgt	1730	UNSAMPLED	?	0.0	?
hgt	1730	UNSAMPLED	?	0.0	?
hgt	1730	UNSAMPLED	?	0.0	?
hgt	1730	UNSAMPLED	?	0.0	?
spe	1711	1711	3255.375	3255.375	3255.375
hgt	1711	GCA.001889985.1.Archaea.Micrarchaeota	3255.375	0.0	1627.6875
hgt	1711	GCA.001889985.1.Archaea.Micrarchaeota	3255.375	0.0	1627.6875
spe	1700	1700	3169.885	3169.885	3169.885
spe	1680	1680	3101.2	3101.2	3101.2
spe	1685	1685	3109.52	3109.52	3109.52
spe	1652	1652	3010.19	3010.19	3010.19
spe	1656	1656	3020.33	3020.33	3020.33
spe	1613	1613	2887.4300000000003	2887.4300000000003	2887.4300000000003
spe	1643	1643	2987.4750000000004	2987.4750000000004	2987.4750000000004
los	1652	GCA.002789635.1.Archaea.Aenigmatarchaeota	3010.19	0.0	1505.095
spe	1615	1615	2888.8199999999997	2888.8199999999997	2888.8199999999997
los	1656	1515	3020.33	2696.51	2858.42
spe	1630	1630	2931.265	2931.265	2931.265
spe	869	869	905.1525	905.1525	905.1525
spe	1480	1480	2641.745	2641.745	2641.745
spe	1616	1616	2895.5150000000003	2895.5150000000003	2895.5150000000003
spe	1602	1602	2870.105	2870.105	2870.105
spe	1602	1602	2870.105	2870.105	2870.105
hgt	1643	1602	2987.4750000000004	2870.105	2928.79
los	1615	GCA.002254415.1.Archaea.EX4484.52	2888.8199999999997	0.0	1444.4099999999999
hgt	1615	GCA.002254415.1.Archaea.EX4484.52	2888.8199999999997	0.0	1444.4099999999999
spe	1556	1556	2778.675	2778.675	2778.675
spe	1579	1579	2827.45	2827.45	2827.45
spe	1226	1226	2305.1	2305.1	2305.1
spe	1549	1549	2772.035	2772.035	2772.035
spe	1606	1606	2874.54	2874.54	2874.54
spe	1606	1606	2874.54	2874.54	2874.54
hgt	1616	1606	2895.5150000000003	2874.54	2885.0275
spe	1563	1563	2794.965	2794.965	2794.965
spe	1563	1563	2794.965	2794.965	2794.965
spe	1564	1564	2794.775	2794.775	2794.775
spe	1564	1564	2794.775	2794.775	2794.775
spe	1461	1461	2614.34	2614.34	2614.34
spe	1447	1447	2595.535	2595.535	2595.535
spe	1510	1510	2692.36	2692.36	2692.36
spe	1469	1469	2625.215	2625.215	2625.215
spe	1397	1397	2538.31	2538.31	2538.31
los	1606	1471	2874.54	2631.08	2752.81
spe	1471	1471	2631.08	2631.08	2631.08
spe	1557	1557	2781.7749999999996	2781.7749999999996	2781.7749999999996
spe	1557	1557	2781.7749999999996	2781.7749999999996	2781.7749999999996
los	1563	GCF.000019605.1.Archaea.Thermoproteota	2794.965	0.0	1397.4825
spe	1534	1534	2746.6000000000004	2746.6000000000004	2746.6000000000004
spe	1534	1534	2746.6000000000004	2746.6000000000004	2746.6000000000004
spe	1385	1385	2511.185	2511.185	2511.185
spe	1385	1385	2511.185	2511.185	2511.185
spe	1524	1524	2722.3050000000003	2722.3050000000003	2722.3050000000003
spe	1524	1524	2722.3050000000003	2722.3050000000003	2722.3050000000003
los	1447	GCA.002497285.1.Archaea.Nanoarchaeota	2595.535	0.0	1297.7675
los	1510	GCA.002789275.1.Archaea.Huberarchaeota	2692.36	0.0	1346.18
hgt	1510	GCA.002789275.1.Archaea.Huberarchaeota	2692.36	0.0	1346.18
los	1469	GCA.001587715.1.Archaea.Methanobacteriota.B	2625.215	0.0	1312.6075
los	1397	GCF.002214485.1.Archaea.Methanobacteriota.B	2538.31	0.0	1269.155
hgt	1397	GCF.002214485.1.Archaea.Methanobacteriota.B	2538.31	0.0	1269.155
los	1471	GCA.003230355.1.Archaea.Hydrothermarchaeota	2631.08	0.0	1315.54
hgt	1471	GCA.003230355.1.Archaea.Hydrothermarchaeota	2631.08	0.0	1315.54
los	1557	GCF.000025525.1.Archaea.Methanobacteriota.A	2781.7749999999996	0.0	1390.8874999999998
los	1557	1521	2781.7749999999996	2715.5649999999996	2748.6699999999996
spe	1521	1521	2715.5649999999996	2715.5649999999996	2715.5649999999996
los	1534	1457	2746.6000000000004	2611.625	2679.1125
spe	1457	1457	2611.625	2611.625	2611.625
los	1534	1499	2746.6000000000004	2683.7200000000003	2715.1600000000003
spe	1499	1499	2683.7200000000003	2683.7200000000003	2683.7200000000003
hgt	1534	1499	2746.6000000000004	2683.7200000000003	2715.1600000000003
los	1385	GCA.001940655.1.Archaea.Asgardarchaeota	2511.185	0.0	1255.5925
los	1385	GCA.001563325.1.Archaea.Asgardarchaeota	2511.185	0.0	1255.5925
los	1524	GCA.001940665.1.Archaea.Asgardarchaeota	2722.3050000000003	0.0	1361.1525000000001
los	1524	1494	2722.3050000000003	2663.205	2692.755
spe	1494	1494	2663.205	2663.205	2663.205
spe	1356	1356	2480.2650000000003	2480.2650000000003	2480.2650000000003
spe	1402	1402	2548.71	2548.71	2548.71
spe	1263	1263	2372.465	2372.465	2372.465
spe	1321	1321	2433.705	2433.705	2433.705
los	1499	1425	2683.7200000000003	2576.715	2630.2175
spe	1415	1415	2562.75	2562.75	2562.75
spe	1413	1413	2556.2749999999996	2556.2749999999996	2556.2749999999996
spe	939	939	1793.615	1793.615	1793.615
spe	1289	1289	2391.2349999999997	2391.2349999999997	2391.2349999999997
spe	1274	1274	2382.6549999999997	2382.6549999999997	2382.6549999999997
spe	1319	1319	2426.545	2426.545	2426.545
spe	1143	1143	2213.35	2213.35	2213.35
los	1321	1157	2433.705	2229.765	2331.7349999999997
spe	1157	1157	2229.765	2229.765	2229.765
hgt	1321	1157	2433.705	2229.765	2331.7349999999997
spe	1382	1382	2509.4049999999997	2509.4049999999997	2509.4049999999997
hgt	1425	1382	2576.715	2509.4049999999997	2543.06
hgt	1415	GCA.002255045.1.Archaea.Thermoproteota	2562.75	0.0	1281.375
spe	1362	1362	2489.555	2489.555	2489.555
spe	1362	1362	2489.555	2489.555	2489.555
hgt	1415	1362	2562.75	2489.555	2526.1525
los	1413	1192	2556.2749999999996	2281.01	2418.6425
spe	1115	1115	2169.605	2169.605	2169.605
spe	914	914	1662.365	1662.365	1662.365
hgt	1444	GCA.002898895.1.Bacteria.Armatimonadota	2582.96	0.0	1291.48
hgt	1459	GCA.002898555.1.Bacteria.Armatimonadota	2593.1099999999997	0.0	1296.5549999999998
spe	1207	1207	2290.465	2290.465	2290.465
los	1289	1101	2391.2349999999997	2158.3849999999998	2274.8099999999995
spe	1227	1227	2318.855	2318.855	2318.855
spe	1167	1167	2254.26	2254.26	2254.26
spe	1188	1188	2278.05	2278.05	2278.05
spe	1230	1230	2320.4049999999997	2320.4049999999997	2320.4049999999997
spe	1032	1032	2047.925	2047.925	2047.925
spe	1252	1252	2352.0950000000003	2352.0950000000003	2352.0950000000003
spe	1310	1310	2416.7	2416.7	2416.7
spe	1249	1249	2351.985	2351.985	2351.985
spe	1249	1249	2351.985	2351.985	2351.985
los	1362	GCA.000375685.1.Archaea.Thermoproteota	2489.555	0.0	1244.7775
spe	897	897	1519.3249999999998	1519.3249999999998	1519.3249999999998
spe	1118	1118	2175.0950000000003	2175.0950000000003	2175.0950000000003
hgt	1101	GCA.002011355.1.Archaea.Thermoplasmatota	2158.3849999999998	0.0	1079.1924999999999
spe	994	994	1947.675	1947.675	1947.675
hgt	1101	994	2158.3849999999998	1947.675	2053.0299999999997
los	1227	GCA.002497685.1.Archaea.Thermoplasmatota	2318.855	0.0	1159.4275
hgt	1227	GCA.002497685.1.Archaea.Thermoplasmatota	2318.855	0.0	1159.4275
spe	1100	1100	2157.8450000000003	2157.8450000000003	2157.8450000000003
los	1167	GCA.002495185.1.Archaea.Thermoplasmatota	2254.26	0.0	1127.13
spe	1081	1081	2122.965	2122.965	2122.965
spe	1056	1056	2081.0299999999997	2081.0299999999997	2081.0299999999997
spe	1154	1154	2221.9300000000003	2221.9300000000003	2221.9300000000003
los	1032	GCF.000092185.1.Archaea.Thermoproteota	2047.925	0.0	1023.9625
hgt	1032	GCF.000092185.1.Archaea.Thermoproteota	2047.925	0.0	1023.9625
los	1252	GCA.002255025.1.Archaea.Thermoproteota	2352.0950000000003	0.0	1176.0475000000001
hgt	1252	GCA.002255025.1.Archaea.Thermoproteota	2352.0950000000003	0.0	1176.0475000000001
spe	1187	1187	2278.3450000000003	2278.3450000000003	2278.3450000000003
spe	1087	1087	2129.565	2129.565	2129.565
spe	1171	1171	2259.135	2259.135	2259.135
spe	1171	1171	2259.135	2259.135	2259.135
los	1249	1126	2351.985	2194.065	2273.025
spe	1126	1126	2194.065	2194.065	2194.065
spe	886	886	1364.875	1364.875	1364.875
spe	892	892	1456.38	1456.38	1456.38
los	1118	GCA.002495235.1.Archaea.Thermoplasmatota	2175.0950000000003	0.0	1087.5475000000001
hgt	1118	GCA.002495235.1.Archaea.Thermoplasmatota	2175.0950000000003	0.0	1087.5475000000001
spe	992	992	1950.86	1950.86	1950.86
spe	986	986	1926.0100000000002	1926.0100000000002	1926.0100000000002
spe	1027	1027	2032.885	2032.885	2032.885
spe	1094	1094	2144.39	2144.39	2144.39
spe	1094	1094	2144.39	2144.39	2144.39
hgt	1154	1094	2221.9300000000003	2144.39	2183.16
spe	929	929	1726.54	1726.54	1726.54
los	1087	GCA.001273335.1.Archaea.Thermoproteota	2129.565	0.0	1064.7825
los	1171	895	2259.135	1456.455	1857.795
spe	895	895	1456.455	1456.455	1456.455
los	1171	GCA.001510295.1.Archaea.Thermoproteota	2259.135	0.0	1129.5675
los	1126	GCA.000405685.1.Archaea.Thermoproteota	2194.065	0.0	1097.0325
los	886	GCA.000315625.1.Eukaryota.Cryptophyceae	1364.875	0.0	682.4375
hgt	886	GCA.000315625.1.Eukaryota.Cryptophyceae	1364.875	0.0	682.4375
hgt	886	GCA.000315625.1.Eukaryota.Cryptophyceae	1364.875	0.0	682.4375
spe	884	884	1363.29	1363.29	1363.29
spe	882	882	1318.1	1318.1	1318.1
hgt	1058	GCF.900142435.1.Bacteria.Aquificota	2070.835	0.0	1035.4175
spe	1012	1012	2001.685	2001.685	2001.685
hgt	1155	1012	2220.145	2001.685	2110.915
los	986	GCA.001595885.1.Archaea.Thermoplasmatota	1926.0100000000002	0.0	963.0050000000001
los	1094	GCA.002256595.1.Archaea.Halobacteriota	2144.39	0.0	1072.195
spe	1017	1017	2014.745	2014.745	2014.745
spe	1017	1017	2014.745	2014.745	2014.745
los	929	GCA.001593875.1.Archaea.Thermoproteota	1726.54	0.0	863.27
spe	878	878	1225.7849999999999	1225.7849999999999	1225.7849999999999
spe	876	876	1127.658	1127.658	1127.658
spe	877	877	1122.4185	1122.4185	1122.4185
spe	1077	1077	2117.68	2117.68	2117.68
hgt	1102	1077	2160.51	2117.68	2139.0950000000003
los	1017	967	2014.745	1868.445	1941.5949999999998
spe	967	967	1868.445	1868.445	1868.445
los	1017	GCA.001412335.1.Archaea.Halobacteriota	2014.745	0.0	1007.3725
hgt	878	GCF.000091205.1.Eukaryota.Rhodophyta	1225.7849999999999	0.0	612.8924999999999
los	876	GCA.000209225.1.Eukaryota.Cnidaria	1127.658	0.0	563.829
spe	868	868	859.3679999999999	859.3679999999999	859.3679999999999
los	877	867	1122.4185	295.29200000000003	708.8552500000001
spe	1015	1015	2011.1399999999999	2011.1399999999999	2011.1399999999999
spe	1026	1026	2037.95	2037.95	2037.95
spe	960	960	1851.405	1851.405	1851.405
spe	945	945	1799.565	1799.565	1799.565
los	1026	996	2037.95	1966.585	2002.2675
los	960	GCA.001698445.1.Bacteria.Cyanobacteria	1851.405	0.0	925.7025
hgt	996	GCF.000317045.1.Bacteria.Cyanobacteria	1966.585	0.0	983.2925
