event	left node	right node	left date	right date	midpoint date
los	1730	UNSAMPLED	?	0.0	?
los	1730	UNSAMPLED	?	0.0	?
los	1730	UNSAMPLED	?	0.0	?
los	1730	UNSAMPLED	?	0.0	?
los	1730	UNSAMPLED	?	0.0	?
los	1730	UNSAMPLED	?	0.0	?
los	1730	UNSAMPLED	?	0.0	?
los	1730	UNSAMPLED	?	0.0	?
los	1730	UNSAMPLED	?	0.0	?
los	1730	UNSAMPLED	?	0.0	?
los	1730	UNSAMPLED	?	0.0	?
los	1730	UNSAMPLED	?	0.0	?
hgt	1730	UNSAMPLED	?	0.0	?
hgt	1730	UNSAMPLED	?	0.0	?
hgt	1730	UNSAMPLED	?	0.0	?
hgt	1730	UNSAMPLED	?	0.0	?
hgt	1730	UNSAMPLED	?	0.0	?
hgt	1730	UNSAMPLED	?	0.0	?
hgt	1730	UNSAMPLED	?	0.0	?
hgt	1711	GCA.001889985.1.Archaea.Micrarchaeota	3255.375	0.0	1627.6875
spe	1700	1700	3169.885	3169.885	3169.885
spe	1680	1680	3101.2	3101.2	3101.2
spe	1685	1685	3109.52	3109.52	3109.52
spe	1652	1652	3010.19	3010.19	3010.19
spe	1656	1656	3020.33	3020.33	3020.33
spe	1613	1613	2887.4300000000003	2887.4300000000003	2887.4300000000003
dup	1685	1643	3109.52	2987.4750000000004	3048.4975000000004
spe	1643	1643	2987.4750000000004	2987.4750000000004	2987.4750000000004
spe	1643	1643	2987.4750000000004	2987.4750000000004	2987.4750000000004
spe	1615	1615	2888.8199999999997	2888.8199999999997	2888.8199999999997
spe	1515	1515	2696.51	2696.51	2696.51
spe	1630	1630	2931.265	2931.265	2931.265
los	1613	869	2887.4300000000003	905.1525	1896.2912500000002
spe	1480	1480	2641.745	2641.745	2641.745
spe	1616	1616	2895.5150000000003	2895.5150000000003	2895.5150000000003
spe	1616	1616	2895.5150000000003	2895.5150000000003	2895.5150000000003
spe	1602	1602	2870.105	2870.105	2870.105
spe	1602	1602	2870.105	2870.105	2870.105
los	1615	GCA.001564035.1.Archaea.Nanohaloarchaeota	2888.8199999999997	0.0	1444.4099999999999
hgt	1615	GCA.001564035.1.Archaea.Nanohaloarchaeota	2888.8199999999997	0.0	1444.4099999999999
los	1515	GCA.002779075.1.Archaea.Iainarchaeota	2696.51	0.0	1348.255
hgt	1515	GCA.002779075.1.Archaea.Iainarchaeota	2696.51	0.0	1348.255
hgt	1515	GCA.002779075.1.Archaea.Iainarchaeota	2696.51	0.0	1348.255
spe	1556	1556	2778.675	2778.675	2778.675
los	1630	1579	2931.265	2827.45	2879.3575
hgt	869	GCA.002841105.1.Archaea.Altiarchaeota	905.1525	0.0	452.57625
spe	1226	1226	2305.1	2305.1	2305.1
los	1480	GCA.001723855.1.Archaea.Altiarchaeota	2641.745	0.0	1320.8725
spe	1549	1549	2772.035	2772.035	2772.035
spe	1549	1549	2772.035	2772.035	2772.035
los	1616	1606	2895.5150000000003	2874.54	2885.0275
spe	1606	1606	2874.54	2874.54	2874.54
spe	1563	1563	2794.965	2794.965	2794.965
spe	1563	1563	2794.965	2794.965	2794.965
spe	1564	1564	2794.775	2794.775	2794.775
spe	1564	1564	2794.775	2794.775	2794.775
spe	1461	1461	2614.34	2614.34	2614.34
los	1556	GCA.002412085.1.Archaea.Nanoarchaeota	2778.675	0.0	1389.3375
los	1549	1469	2772.035	2625.215	2698.625
spe	1469	1469	2625.215	2625.215	2625.215
hgt	1549	1469	2772.035	2625.215	2698.625
los	1549	1397	2772.035	2538.31	2655.1724999999997
spe	1397	1397	2538.31	2538.31	2538.31
spe	1471	1471	2631.08	2631.08	2631.08
spe	1557	1557	2781.7749999999996	2781.7749999999996	2781.7749999999996
los	1563	GCF.000019605.1.Archaea.Thermoproteota	2794.965	0.0	1397.4825
hgt	1563	GCF.000019605.1.Archaea.Thermoproteota	2794.965	0.0	1397.4825
los	1563	1534	2794.965	2746.6000000000004	2770.7825000000003
spe	1534	1534	2746.6000000000004	2746.6000000000004	2746.6000000000004
los	1564	1385	2794.775	2511.185	2652.98
spe	1385	1385	2511.185	2511.185	2511.185
los	1564	1524	2794.775	2722.3050000000003	2758.54
spe	1524	1524	2722.3050000000003	2722.3050000000003	2722.3050000000003
hgt	1447	GCA.002497285.1.Archaea.Nanoarchaeota	2595.535	0.0	1297.7675
hgt	1510	GCA.002789275.1.Archaea.Huberarchaeota	2692.36	0.0	1346.18
hgt	1510	GCA.000387965.1.Archaea.Nanoarchaeota	2692.36	0.0	1346.18
los	1469	GCF.002201895.1.Archaea.Euryarchaeota	2625.215	0.0	1312.6075
hgt	1469	GCF.002201895.1.Archaea.Euryarchaeota	2625.215	0.0	1312.6075
los	1471	GCA.002502135.1.Archaea.Undinarchaeota	2631.08	0.0	1315.54
hgt	1471	GCA.002502135.1.Archaea.Undinarchaeota	2631.08	0.0	1315.54
spe	1521	1521	2715.5649999999996	2715.5649999999996	2715.5649999999996
spe	1457	1457	2611.625	2611.625	2611.625
spe	1499	1499	2683.7200000000003	2683.7200000000003	2683.7200000000003
los	1385	GCA.001940655.1.Archaea.Asgardarchaeota	2511.185	0.0	1255.5925
spe	1494	1494	2663.205	2663.205	2663.205
spe	1356	1356	2480.2650000000003	2480.2650000000003	2480.2650000000003
spe	1402	1402	2548.71	2548.71	2548.71
spe	1402	1402	2548.71	2548.71	2548.71
hgt	1521	1402	2715.5649999999996	2548.71	2632.1375
spe	1263	1263	2372.465	2372.465	2372.465
spe	1321	1321	2433.705	2433.705	2433.705
spe	1425	1425	2576.715	2576.715	2576.715
spe	1415	1415	2562.75	2562.75	2562.75
spe	1413	1413	2556.2749999999996	2556.2749999999996	2556.2749999999996
los	1494	939	2663.205	1793.615	2228.41
spe	939	939	1793.615	1793.615	1793.615
hgt	1494	939	2663.205	1793.615	2228.41
spe	1289	1289	2391.2349999999997	2391.2349999999997	2391.2349999999997
spe	1274	1274	2382.6549999999997	2382.6549999999997	2382.6549999999997
los	1402	GCA.003034855.1.Archaea.Halobacteriota	2548.71	0.0	1274.355
spe	1319	1319	2426.545	2426.545	2426.545
spe	1319	1319	2426.545	2426.545	2426.545
spe	1143	1143	2213.35	2213.35	2213.35
hgt	1263	GCA.002254745.1.Archaea.Thermoproteota	2372.465	0.0	1186.2325
los	1321	GCF.000148385.1.Archaea.Thermoproteota	2433.705	0.0	1216.8525
hgt	1321	GCF.000148385.1.Archaea.Thermoproteota	2433.705	0.0	1216.8525
hgt	1321	GCF.000148385.1.Archaea.Thermoproteota	2433.705	0.0	1216.8525
spe	1157	1157	2229.765	2229.765	2229.765
spe	1382	1382	2509.4049999999997	2509.4049999999997	2509.4049999999997
los	1415	1362	2562.75	2489.555	2526.1525
spe	1362	1362	2489.555	2489.555	2489.555
hgt	1415	1362	2562.75	2489.555	2526.1525
spe	1192	1192	2281.01	2281.01	2281.01
spe	1115	1115	2169.605	2169.605	2169.605
spe	914	914	1662.365	1662.365	1662.365
spe	1207	1207	2290.465	2290.465	2290.465
spe	1101	1101	2158.3849999999998	2158.3849999999998	2158.3849999999998
spe	1227	1227	2318.855	2318.855	2318.855
spe	1167	1167	2254.26	2254.26	2254.26
spe	1188	1188	2278.05	2278.05	2278.05
spe	1188	1188	2278.05	2278.05	2278.05
los	1319	1230	2426.545	2320.4049999999997	2373.475
spe	1230	1230	2320.4049999999997	2320.4049999999997	2320.4049999999997
spe	1032	1032	2047.925	2047.925	2047.925
los	1157	GCA.001717025.1.Archaea.Thermoproteota	2229.765	0.0	1114.8825
hgt	1157	GCA.001717025.1.Archaea.Thermoproteota	2229.765	0.0	1114.8825
hgt	1157	GCA.001717025.1.Archaea.Thermoproteota	2229.765	0.0	1114.8825
spe	1252	1252	2352.0950000000003	2352.0950000000003	2352.0950000000003
spe	1310	1310	2416.7	2416.7	2416.7
spe	1249	1249	2351.985	2351.985	2351.985
los	1192	GCA.001940725.1.Archaea.Asgardarchaeota	2281.01	0.0	1140.505
spe	897	897	1519.3249999999998	1519.3249999999998	1519.3249999999998
los	1207	1118	2290.465	2175.0950000000003	2232.78
spe	994	994	1947.675	1947.675	1947.675
los	1227	GCA.002497685.1.Archaea.Thermoplasmatota	2318.855	0.0	1159.4275
spe	1100	1100	2157.8450000000003	2157.8450000000003	2157.8450000000003
spe	1081	1081	2122.965	2122.965	2122.965
los	1188	GCF.000194625.1.Archaea.Halobacteriota	2278.05	0.0	1139.025
los	1188	GCA.002011165.1.Archaea.Halobacteriota	2278.05	0.0	1139.025
spe	1056	1056	2081.0299999999997	2081.0299999999997	2081.0299999999997
spe	1154	1154	2221.9300000000003	2221.9300000000003	2221.9300000000003
los	1252	GCA.001593865.1.Archaea.Thermoproteota	2352.0950000000003	0.0	1176.0475000000001
hgt	1252	GCA.001593865.1.Archaea.Thermoproteota	2352.0950000000003	0.0	1176.0475000000001
spe	1187	1187	2278.3450000000003	2278.3450000000003	2278.3450000000003
los	1310	1087	2416.7	2129.565	2273.1324999999997
spe	1171	1171	2259.135	2259.135	2259.135
los	1249	1126	2351.985	2194.065	2273.025
los	897	886	1519.3249999999998	1364.875	1442.1
spe	892	892	1456.38	1456.38	1456.38
hgt	1118	GCA.002494765.1.Archaea.Thermoplasmatota	2175.0950000000003	0.0	1087.5475000000001
spe	992	992	1950.86	1950.86	1950.86
los	1081	986	2122.965	1926.0100000000002	2024.4875000000002
los	1154	1027	2221.9300000000003	2032.885	2127.4075000000003
spe	1094	1094	2144.39	2144.39	2144.39
spe	929	929	1726.54	1726.54	1726.54
los	1187	GCA.001593855.1.Archaea.Thermoproteota	2278.3450000000003	0.0	1139.1725000000001
los	1171	895	2259.135	1456.455	1857.795
spe	895	895	1456.455	1456.455	1456.455
hgt	1171	895	2259.135	1456.455	1857.795
hgt	1126	GCA.002506605.1.Archaea.Thermoproteota	2194.065	0.0	1097.0325
hgt	886	GCF.000165345.1.Eukaryota.Apicocomplexa	1364.875	0.0	682.4375
dup	886	GCA.000315625.1.Eukaryota.Cryptophyceae	1364.875	0.0	682.4375
spe	884	884	1363.29	1363.29	1363.29
spe	882	882	1318.1	1318.1	1318.1
hgt	1027	GCF.002114285.1.Archaea.Halobacteriota	2032.885	0.0	1016.4425
hgt	1027	GCA.003158275.1.Archaea.Halobacteriota	2032.885	0.0	1016.4425
spe	1017	1017	2014.745	2014.745	2014.745
dup	895	GCA.002011085.1.Archaea.Thermoproteota	1456.455	0.0	728.2275
spe	878	878	1225.7849999999999	1225.7849999999999	1225.7849999999999
los	882	876	1318.1	1127.658	1222.879
spe	876	876	1127.658	1127.658	1127.658
hgt	882	876	1318.1	1127.658	1222.879
spe	967	967	1868.445	1868.445	1868.445
los	1017	GCA.001412335.1.Archaea.Halobacteriota	2014.745	0.0	1007.3725
spe	868	868	859.3679999999999	859.3679999999999	859.3679999999999
los	967	GCF.000970205.1.Archaea.Halobacteriota	1868.445	0.0	934.2225
hgt	967	GCF.000970205.1.Archaea.Halobacteriota	1868.445	0.0	934.2225
