event	left node	right node	left date	right date	midpoint date
los	1730	UNSAMPLED	?	0.0	?
los	1730	UNSAMPLED	?	0.0	?
los	1730	UNSAMPLED	?	0.0	?
los	1730	UNSAMPLED	?	0.0	?
los	1730	UNSAMPLED	?	0.0	?
los	1730	UNSAMPLED	?	0.0	?
los	1730	UNSAMPLED	?	0.0	?
los	1730	UNSAMPLED	?	0.0	?
los	1730	UNSAMPLED	?	0.0	?
los	1730	UNSAMPLED	?	0.0	?
los	1730	UNSAMPLED	?	0.0	?
hgt	1730	UNSAMPLED	?	0.0	?
hgt	1730	UNSAMPLED	?	0.0	?
hgt	1730	UNSAMPLED	?	0.0	?
hgt	1730	UNSAMPLED	?	0.0	?
hgt	1730	UNSAMPLED	?	0.0	?
hgt	1730	UNSAMPLED	?	0.0	?
hgt	1730	UNSAMPLED	?	0.0	?
hgt	1730	UNSAMPLED	?	0.0	?
hgt	1730	UNSAMPLED	?	0.0	?
hgt	1730	UNSAMPLED	?	0.0	?
hgt	1730	UNSAMPLED	?	0.0	?
spe	1700	1700	3169.885	3169.885	3169.885
spe	1680	1680	3101.2	3101.2	3101.2
spe	1685	1685	3109.52	3109.52	3109.52
spe	1652	1652	3010.19	3010.19	3010.19
spe	1656	1656	3020.33	3020.33	3020.33
spe	1613	1613	2887.4300000000003	2887.4300000000003	2887.4300000000003
spe	1643	1643	2987.4750000000004	2987.4750000000004	2987.4750000000004
los	1652	1615	3010.19	2888.8199999999997	2949.505
spe	1515	1515	2696.51	2696.51	2696.51
spe	1630	1630	2931.265	2931.265	2931.265
spe	869	869	905.1525	905.1525	905.1525
spe	1480	1480	2641.745	2641.745	2641.745
spe	1616	1616	2895.5150000000003	2895.5150000000003	2895.5150000000003
spe	1616	1616	2895.5150000000003	2895.5150000000003	2895.5150000000003
hgt	1643	1616	2987.4750000000004	2895.5150000000003	2941.4950000000003
los	1643	1602	2987.4750000000004	2870.105	2928.79
hgt	1615	GCA.002254415.1.Archaea.EX4484.52	2888.8199999999997	0.0	1444.4099999999999
spe	1556	1556	2778.675	2778.675	2778.675
spe	1579	1579	2827.45	2827.45	2827.45
hgt	869	GCA.002841105.1.Archaea.Altiarchaeota	905.1525	0.0	452.57625
spe	1226	1226	2305.1	2305.1	2305.1
spe	1549	1549	2772.035	2772.035	2772.035
spe	1549	1549	2772.035	2772.035	2772.035
spe	1606	1606	2874.54	2874.54	2874.54
spe	1606	1606	2874.54	2874.54	2874.54
spe	1563	1563	2794.965	2794.965	2794.965
hgt	1602	1563	2870.105	2794.965	2832.535
spe	1461	1461	2614.34	2614.34	2614.34
spe	1447	1447	2595.535	2595.535	2595.535
spe	1510	1510	2692.36	2692.36	2692.36
spe	1469	1469	2625.215	2625.215	2625.215
spe	1469	1469	2625.215	2625.215	2625.215
spe	1397	1397	2538.31	2538.31	2538.31
spe	1397	1397	2538.31	2538.31	2538.31
spe	1471	1471	2631.08	2631.08	2631.08
spe	1471	1471	2631.08	2631.08	2631.08
los	1606	1557	2874.54	2781.7749999999996	2828.1575
spe	1557	1557	2781.7749999999996	2781.7749999999996	2781.7749999999996
spe	1534	1534	2746.6000000000004	2746.6000000000004	2746.6000000000004
los	1461	GCA.002779595.1.Archaea.Nanoarchaeota	2614.34	0.0	1307.17
los	1510	GCA.002789275.1.Archaea.Huberarchaeota	2692.36	0.0	1346.18
hgt	1510	GCA.002789275.1.Archaea.Huberarchaeota	2692.36	0.0	1346.18
los	1469	GCF.002201895.1.Archaea.Euryarchaeota	2625.215	0.0	1312.6075
los	1469	GCA.001587715.1.Archaea.Methanobacteriota.B	2625.215	0.0	1312.6075
los	1397	GCF.002214485.1.Archaea.Methanobacteriota.B	2538.31	0.0	1269.155
los	1397	GCA.001515205.2.Archaea.Hadarchaeota	2538.31	0.0	1269.155
los	1471	GCA.003230355.1.Archaea.Hydrothermarchaeota	2631.08	0.0	1315.54
los	1471	GCA.002502135.1.Archaea.Undinarchaeota	2631.08	0.0	1315.54
spe	1521	1521	2715.5649999999996	2715.5649999999996	2715.5649999999996
spe	1457	1457	2611.625	2611.625	2611.625
spe	1499	1499	2683.7200000000003	2683.7200000000003	2683.7200000000003
hgt	1385	GCA.001940655.1.Archaea.Asgardarchaeota	2511.185	0.0	1255.5925
hgt	1524	GCA.001940665.1.Archaea.Asgardarchaeota	2722.3050000000003	0.0	1361.1525000000001
spe	1356	1356	2480.2650000000003	2480.2650000000003	2480.2650000000003
spe	1402	1402	2548.71	2548.71	2548.71
spe	1263	1263	2372.465	2372.465	2372.465
spe	1321	1321	2433.705	2433.705	2433.705
spe	1425	1425	2576.715	2576.715	2576.715
spe	1415	1415	2562.75	2562.75	2562.75
spe	1289	1289	2391.2349999999997	2391.2349999999997	2391.2349999999997
spe	1274	1274	2382.6549999999997	2382.6549999999997	2382.6549999999997
spe	1319	1319	2426.545	2426.545	2426.545
spe	1143	1143	2213.35	2213.35	2213.35
hgt	1321	GCF.000148385.1.Archaea.Thermoproteota	2433.705	0.0	1216.8525
spe	1157	1157	2229.765	2229.765	2229.765
los	1425	GCA.002495485.1.Archaea.Thermoproteota	2576.715	0.0	1288.3575
spe	1382	1382	2509.4049999999997	2509.4049999999997	2509.4049999999997
spe	1362	1362	2489.555	2489.555	2489.555
spe	1192	1192	2281.01	2281.01	2281.01
hgt	1413	1192	2556.2749999999996	2281.01	2418.6425
spe	1115	1115	2169.605	2169.605	2169.605
hgt	1413	1115	2556.2749999999996	2169.605	2362.9399999999996
dup	939	914	1793.615	1662.365	1727.99
spe	914	914	1662.365	1662.365	1662.365
spe	914	914	1662.365	1662.365	1662.365
hgt	939	914	1793.615	1662.365	1727.99
los	1289	1207	2391.2349999999997	2290.465	2340.85
spe	1101	1101	2158.3849999999998	2158.3849999999998	2158.3849999999998
spe	1227	1227	2318.855	2318.855	2318.855
spe	1167	1167	2254.26	2254.26	2254.26
spe	1188	1188	2278.05	2278.05	2278.05
spe	1230	1230	2320.4049999999997	2320.4049999999997	2320.4049999999997
spe	1032	1032	2047.925	2047.925	2047.925
dup	1157	GCA.001717025.1.Archaea.Thermoproteota	2229.765	0.0	1114.8825
spe	1252	1252	2352.0950000000003	2352.0950000000003	2352.0950000000003
spe	1310	1310	2416.7	2416.7	2416.7
spe	1249	1249	2351.985	2351.985	2351.985
spe	1249	1249	2351.985	2351.985	2351.985
hgt	1362	1249	2489.555	2351.985	2420.77
los	1362	GCA.000375685.1.Archaea.Thermoproteota	2489.555	0.0	1244.7775
spe	897	897	1519.3249999999998	1519.3249999999998	1519.3249999999998
spe	897	897	1519.3249999999998	1519.3249999999998	1519.3249999999998
spe	994	994	1947.675	1947.675	1947.675
spe	1100	1100	2157.8450000000003	2157.8450000000003	2157.8450000000003
spe	1081	1081	2122.965	2122.965	2122.965
spe	1056	1056	2081.0299999999997	2081.0299999999997	2081.0299999999997
spe	1154	1154	2221.9300000000003	2221.9300000000003	2221.9300000000003
los	1252	GCA.002255025.1.Archaea.Thermoproteota	2352.0950000000003	0.0	1176.0475000000001
hgt	1252	GCA.002255025.1.Archaea.Thermoproteota	2352.0950000000003	0.0	1176.0475000000001
spe	1187	1187	2278.3450000000003	2278.3450000000003	2278.3450000000003
spe	1087	1087	2129.565	2129.565	2129.565
spe	1171	1171	2259.135	2259.135	2259.135
spe	1171	1171	2259.135	2259.135	2259.135
spe	1126	1126	2194.065	2194.065	2194.065
spe	1126	1126	2194.065	2194.065	2194.065
spe	886	886	1364.875	1364.875	1364.875
spe	886	886	1364.875	1364.875	1364.875
los	897	892	1519.3249999999998	1456.38	1487.8525
spe	892	892	1456.38	1456.38	1456.38
hgt	1118	GCA.002494765.1.Archaea.Thermoplasmatota	2175.0950000000003	0.0	1087.5475000000001
los	994	GCA.002502685.1.Archaea.Thermoplasmatota	1947.675	0.0	973.8375
hgt	994	GCA.002502685.1.Archaea.Thermoplasmatota	1947.675	0.0	973.8375
hgt	994	GCA.001595945.1.Archaea.Thermoplasmatota	1947.675	0.0	973.8375
spe	992	992	1950.86	1950.86	1950.86
los	1081	986	2122.965	1926.0100000000002	2024.4875000000002
dup	1081	GCA.001421185.1.Archaea.Thermoplasmatota	2122.965	0.0	1061.4825
dup	1081	GCA.001421185.1.Archaea.Thermoplasmatota	2122.965	0.0	1061.4825
los	1056	GCA.001766825.1.Archaea.Halobacteriota	2081.0299999999997	0.0	1040.5149999999999
hgt	1056	GCA.001766825.1.Archaea.Halobacteriota	2081.0299999999997	0.0	1040.5149999999999
los	1154	1027	2221.9300000000003	2032.885	2127.4075000000003
spe	1094	1094	2144.39	2144.39	2144.39
los	1187	929	2278.3450000000003	1726.54	2002.4425
spe	929	929	1726.54	1726.54	1726.54
hgt	1187	929	2278.3450000000003	1726.54	2002.4425
hgt	1187	GCA.001593855.1.Archaea.Thermoproteota	2278.3450000000003	0.0	1139.1725000000001
los	1087	GCA.001775995.1.Archaea.Thermoproteota	2129.565	0.0	1064.7825
los	1171	895	2259.135	1456.455	1857.795
spe	895	895	1456.455	1456.455	1456.455
los	1171	GCA.001510295.1.Archaea.Thermoproteota	2259.135	0.0	1129.5675
los	1126	GCA.002506605.1.Archaea.Thermoproteota	2194.065	0.0	1097.0325
los	1126	GCA.000405685.1.Archaea.Thermoproteota	2194.065	0.0	1097.0325
los	886	GCF.000165345.1.Eukaryota.Apicocomplexa	1364.875	0.0	682.4375
hgt	886	GCF.000165345.1.Eukaryota.Apicocomplexa	1364.875	0.0	682.4375
spe	884	884	1363.29	1363.29	1363.29
spe	882	882	1318.1	1318.1	1318.1
dup	992	GCA.002878135.1.Archaea.Thermoplasmatota	1950.86	0.0	975.43
los	992	GCA.002011395.1.Archaea.Thermoplasmatota	1950.86	0.0	975.43
hgt	986	GCA.001595885.1.Archaea.Thermoplasmatota	1926.0100000000002	0.0	963.0050000000001
dup	1027	GCF.002114285.1.Archaea.Halobacteriota	2032.885	0.0	1016.4425
hgt	1027	GCF.002114285.1.Archaea.Halobacteriota	2032.885	0.0	1016.4425
hgt	1027	GCA.003158275.1.Archaea.Halobacteriota	2032.885	0.0	1016.4425
spe	1017	1017	2014.745	2014.745	2014.745
los	884	GCA.015473125.1.Eukaryota.Viridiplantae	1363.29	0.0	681.645
hgt	884	GCA.015473125.1.Eukaryota.Viridiplantae	1363.29	0.0	681.645
hgt	884	GCA.015473125.1.Eukaryota.Viridiplantae	1363.29	0.0	681.645
spe	878	878	1225.7849999999999	1225.7849999999999	1225.7849999999999
spe	876	876	1127.658	1127.658	1127.658
spe	967	967	1868.445	1868.445	1868.445
los	1017	GCA.001412335.1.Archaea.Halobacteriota	2014.745	0.0	1007.3725
hgt	1017	GCA.001412335.1.Archaea.Halobacteriota	2014.745	0.0	1007.3725
los	878	GCF.000091205.1.Eukaryota.Rhodophyta	1225.7849999999999	0.0	612.8924999999999
hgt	878	GCF.000091205.1.Eukaryota.Rhodophyta	1225.7849999999999	0.0	612.8924999999999
spe	868	868	859.3679999999999	859.3679999999999	859.3679999999999
spe	868	868	859.3679999999999	859.3679999999999	859.3679999999999
hgt	876	868	1127.658	859.3679999999999	993.5129999999999
dup	967	GCF.000970205.1.Archaea.Halobacteriota	1868.445	0.0	934.2225
dup	967	GCF.000970205.1.Archaea.Halobacteriota	1868.445	0.0	934.2225
dup	967	GCF.000011005.1.Archaea.Euryarchaeota	1868.445	0.0	934.2225
los	967	GCF.000011005.1.Archaea.Euryarchaeota	1868.445	0.0	934.2225
hgt	967	GCF.000011005.1.Archaea.Euryarchaeota	1868.445	0.0	934.2225
los	868	GCA.000188695.1.Eukaryota.Choanoflagellata	859.3679999999999	0.0	429.68399999999997
