event	left node	right node	left date	right date	midpoint date
los	1730	UNSAMPLED	?	0.0	?
los	1730	UNSAMPLED	?	0.0	?
los	1730	UNSAMPLED	?	0.0	?
hgt	1730	UNSAMPLED	?	0.0	?
spe	1690	1690	2975.2349999999997	2975.2349999999997	2975.2349999999997
spe	1667	1667	2751.94	2751.94	2751.94
spe	1671	1671	2798.9	2798.9	2798.9
spe	1548	1548	2176.73	2176.73	2176.73
los	1667	1661	2751.94	2705.465	2728.7025000000003
hgt	1667	1661	2751.94	2705.465	2728.7025000000003
spe	1640	1640	2626.73	2626.73	2626.73
spe	1645	1645	2653.5150000000003	2653.5150000000003	2653.5150000000003
spe	1418	1418	1886.455	1886.455	1886.455
spe	1322	1322	1770.9250000000002	1770.9250000000002	1770.9250000000002
los	1640	GCF.000019605.1.Archaea.Thermoproteota	2626.73	0.0	1313.365
spe	1621	1621	2517.75	2517.75	2517.75
spe	1424	1424	1902.65	1902.65	1902.65
spe	1622	1622	2527.615	2527.615	2527.615
dup	1418	GCF.002201895.1.Archaea.Euryarchaeota	1886.455	0.0	943.2275
los	1418	GCA.001587715.1.Archaea.Methanobacteriota.B	1886.455	0.0	943.2275
los	1322	GCA.001515205.2.Archaea.Hadarchaeota	1770.9250000000002	0.0	885.4625000000001
spe	1540	1540	2214.8	2214.8	2214.8
los	1621	1588	2517.75	2383.6549999999997	2450.7025
los	1424	GCA.001563325.1.Archaea.Asgardarchaeota	1902.65	0.0	951.325
hgt	1424	GCA.001563325.1.Archaea.Asgardarchaeota	1902.65	0.0	951.325
los	1622	GCA.001940665.1.Archaea.Asgardarchaeota	2527.615	0.0	1263.8075
spe	1606	1606	2445.1400000000003	2445.1400000000003	2445.1400000000003
spe	1358	1358	1798.4299999999998	1798.4299999999998	1798.4299999999998
spe	1398	1398	1863.195	1863.195	1863.195
spe	1518	1518	2127.23	2127.23	2127.23
spe	1354	1354	1813.355	1813.355	1813.355
hgt	1523	GCA.003034855.1.Archaea.Halobacteriota	2166.265	0.0	1083.1325
spe	1176	1176	1577.935	1577.935	1577.935
los	1398	1127	1863.195	1515.1799999999998	1689.1875
hgt	1524	GCA.002255045.1.Archaea.Thermoproteota	2168.41	0.0	1084.205
spe	1187	1187	1579.1	1579.1	1579.1
spe	1103	1103	1481.835	1481.835	1481.835
spe	1231	1231	1645.2649999999999	1645.2649999999999	1645.2649999999999
hgt	1354	GCA.000002435.2.Eukaryota.Fornicata	1813.355	0.0	906.6775
spe	992	992	1356.82	1356.82	1356.82
spe	1091	1091	1475.775	1475.775	1475.775
spe	1256	1256	1663.625	1663.625	1663.625
hgt	1360	1256	1812.405	1663.625	1738.0149999999999
hgt	1274	GCA.001593865.1.Archaea.Thermoproteota	1643.05	0.0	821.525
spe	927	927	1215.125	1215.125	1215.125
los	1091	1020	1475.775	1389.275	1432.525
spe	1015	1015	1371.3049999999998	1371.3049999999998	1371.3049999999998
spe	1143	1143	1542.125	1542.125	1542.125
spe	875	875	925.9285	925.9285	925.9285
hgt	1249	875	1643.645	925.9285	1284.78675
hgt	927	GCF.000165345.1.Eukaryota.Apicocomplexa	1215.125	0.0	607.5625
spe	943	943	1269.475	1269.475	1269.475
hgt	1020	943	1389.275	1269.475	1329.375
spe	1013	1013	1366.345	1366.345	1366.345
spe	888	888	1084.09	1084.09	1084.09
spe	876	876	946.8465	946.8465	946.8465
hgt	923	876	1219.565	946.8465	1083.20575
spe	911	911	1169.1970000000001	1169.1970000000001	1169.1970000000001
los	1013	GCA.001412335.1.Archaea.Halobacteriota	1366.345	0.0	683.1725
hgt	1013	GCA.001412335.1.Archaea.Halobacteriota	1366.345	0.0	683.1725
spe	869	869	694.719	694.719	694.719
