event	left node	right node	left date	right date	midpoint date
los	1730	UNSAMPLED	?	0.0	?
los	1730	UNSAMPLED	?	0.0	?
los	1730	UNSAMPLED	?	0.0	?
los	1730	UNSAMPLED	?	0.0	?
los	1730	UNSAMPLED	?	0.0	?
los	1730	UNSAMPLED	?	0.0	?
hgt	1730	UNSAMPLED	?	0.0	?
hgt	1730	UNSAMPLED	?	0.0	?
hgt	1730	UNSAMPLED	?	0.0	?
hgt	1730	UNSAMPLED	?	0.0	?
hgt	1730	UNSAMPLED	?	0.0	?
hgt	1716	GCA.001889985.1.Archaea.Micrarchaeota	3318.57	0.0	1659.285
spe	1609	1609	2402.345	2402.345	2402.345
hgt	1705	1609	3153.6549999999997	2402.345	2778.0
spe	1690	1690	2975.2349999999997	2975.2349999999997	2975.2349999999997
hgt	1649	GCA.002789635.1.Archaea.Aenigmatarchaeota	2610.45	0.0	1305.225
spe	1462	1462	1993.08	1993.08	1993.08
hgt	1675	1462	2804.24	1993.08	2398.66
spe	870	870	790.375	790.375	790.375
spe	1415	1415	1919.7450000000001	1919.7450000000001	1919.7450000000001
spe	1667	1667	2751.94	2751.94	2751.94
spe	1671	1671	2798.9	2798.9	2798.9
hgt	1557	GCA.002254415.1.Archaea.EX4484.52	2237.125	0.0	1118.5625
hgt	1557	GCA.001564035.1.Archaea.Nanohaloarchaeota	2237.125	0.0	1118.5625
spe	1072	1072	1492.545	1492.545	1492.545
spe	1548	1548	2176.73	2176.73	2176.73
spe	1661	1661	2705.465	2705.465	2705.465
spe	1640	1640	2626.73	2626.73	2626.73
spe	1645	1645	2653.5150000000003	2653.5150000000003	2653.5150000000003
spe	1296	1296	1724.445	1724.445	1724.445
hgt	1519	1296	2133.415	1724.445	1928.9299999999998
spe	1323	1323	1758.165	1758.165	1758.165
hgt	1564	1323	2296.265	1758.165	2027.215
spe	1418	1418	1886.455	1886.455	1886.455
spe	1322	1322	1770.9250000000002	1770.9250000000002	1770.9250000000002
spe	1493	1493	2027.525	2027.525	2027.525
hgt	1661	1493	2705.465	2027.525	2366.495
spe	1631	1631	2558.825	2558.825	2558.825
spe	1621	1621	2517.75	2517.75	2517.75
spe	1424	1424	1902.65	1902.65	1902.65
spe	1622	1622	2527.615	2527.615	2527.615
hgt	1323	GCA.002497285.1.Archaea.Nanoarchaeota	1758.165	0.0	879.0825
hgt	1442	GCA.002789275.1.Archaea.Huberarchaeota	1962.0149999999999	0.0	981.0074999999999
hgt	1418	GCA.001587715.1.Archaea.Methanobacteriota.B	1886.455	0.0	943.2275
los	1322	GCA.001515205.2.Archaea.Hadarchaeota	1770.9250000000002	0.0	885.4625000000001
los	1493	GCA.002502135.1.Archaea.Undinarchaeota	2027.525	0.0	1013.7625
los	1631	GCF.000025525.1.Archaea.Methanobacteriota.A	2558.825	0.0	1279.4125
hgt	1631	GCF.000025525.1.Archaea.Methanobacteriota.A	2558.825	0.0	1279.4125
spe	1610	1610	2447.115	2447.115	2447.115
spe	1540	1540	2214.8	2214.8	2214.8
los	1621	1588	2517.75	2383.6549999999997	2450.7025
los	1424	GCA.001940655.1.Archaea.Asgardarchaeota	1902.65	0.0	951.325
dup	1424	GCA.001563325.1.Archaea.Asgardarchaeota	1902.65	0.0	951.325
spe	1606	1606	2445.1400000000003	2445.1400000000003	2445.1400000000003
spe	1511	1511	2126.625	2126.625	2126.625
spe	1523	1523	2166.265	2166.265	2166.265
spe	1358	1358	1798.4299999999998	1798.4299999999998	1798.4299999999998
spe	1398	1398	1863.195	1863.195	1863.195
spe	1518	1518	2127.23	2127.23	2127.23
los	1606	1354	2445.1400000000003	1813.355	2129.2475000000004
spe	1354	1354	1813.355	1813.355	1813.355
hgt	1606	1354	2445.1400000000003	1813.355	2129.2475000000004
spe	1430	1430	1938.605	1938.605	1938.605
spe	1428	1428	1947.5100000000002	1947.5100000000002	1947.5100000000002
hgt	1523	GCA.003034855.1.Archaea.Halobacteriota	2166.265	0.0	1083.1325
hgt	1523	GCA.003034855.1.Archaea.Halobacteriota	2166.265	0.0	1083.1325
spe	1447	1447	1969.495	1969.495	1969.495
spe	1176	1176	1577.935	1577.935	1577.935
spe	1127	1127	1515.1799999999998	1515.1799999999998	1515.1799999999998
spe	1461	1461	1998.805	1998.805	1998.805
hgt	1509	1461	2123.145	1998.805	2060.975
spe	1187	1187	1579.1	1579.1	1579.1
los	1518	1103	2127.23	1481.835	1804.5325
spe	1231	1231	1645.2649999999999	1645.2649999999999	1645.2649999999999
los	1430	1299	1938.605	1716.1399999999999	1827.3725
spe	1299	1299	1716.1399999999999	1716.1399999999999	1716.1399999999999
hgt	1430	1299	1938.605	1716.1399999999999	1827.3725
spe	1178	1178	1580.44	1580.44	1580.44
spe	1355	1355	1811.47	1811.47	1811.47
los	1428	1281	1947.5100000000002	1695.025	1821.2675000000002
spe	1257	1257	1616.7	1616.7	1616.7
los	1447	1360	1969.495	1812.405	1890.9499999999998
spe	992	992	1356.82	1356.82	1356.82
los	1127	GCA.003019535.1.Archaea.Thermoproteota	1515.1799999999998	0.0	757.5899999999999
spe	1274	1274	1643.05	1643.05	1643.05
spe	1385	1385	1853.335	1853.335	1853.335
hgt	1103	GCA.003144275.1.Archaea.Asgardarchaeota	1481.835	0.0	740.9175
hgt	1103	GCA.001940645.1.Archaea.Asgardarchaeota	1481.835	0.0	740.9175
hgt	1231	GCA.000189635.1.Eukaryota.Ciliophora	1645.2649999999999	0.0	822.6324999999999
spe	1091	1091	1475.775	1475.775	1475.775
spe	1118	1118	1480.595	1480.595	1480.595
spe	973	973	1320.27	1320.27	1320.27
hgt	1355	GCA.002497685.1.Archaea.Thermoplasmatota	1811.47	0.0	905.735
spe	1141	1141	1534.115	1534.115	1534.115
spe	1116	1116	1500.29	1500.29	1500.29
hgt	1281	1116	1695.025	1500.29	1597.6575
hgt	1257	GCF.000194625.1.Archaea.Halobacteriota	1616.7	0.0	808.35
spe	1256	1256	1663.625	1663.625	1663.625
hgt	1360	1256	1812.405	1663.625	1738.0149999999999
los	1274	GCA.001593865.1.Archaea.Thermoproteota	1643.05	0.0	821.525
spe	1240	1240	1643.115	1643.115	1643.115
spe	1057	1057	1422.225	1422.225	1422.225
spe	927	927	1215.125	1215.125	1215.125
spe	1020	1020	1389.275	1389.275	1389.275
los	1118	GCA.002494765.1.Archaea.Thermoplasmatota	1480.595	0.0	740.2975
spe	950	950	1276.4450000000002	1276.4450000000002	1276.4450000000002
spe	938	938	1261.09	1261.09	1261.09
hgt	1055	GCA.003194435.1.Archaea.Halobacteriota	1412.42	0.0	706.21
hgt	1055	GCA.001766825.1.Archaea.Halobacteriota	1412.42	0.0	706.21
spe	1015	1015	1371.3049999999998	1371.3049999999998	1371.3049999999998
spe	1143	1143	1542.125	1542.125	1542.125
los	1240	903	1643.115	1108.5584999999999	1375.83675
los	1057	GCA.001775995.1.Archaea.Thermoproteota	1422.225	0.0	711.1125
los	1020	943	1389.275	1269.475	1329.375
spe	923	923	1219.565	1219.565	1219.565
los	950	GCA.002011395.1.Archaea.Thermoplasmatota	1276.4450000000002	0.0	638.2225000000001
hgt	950	GCA.002011395.1.Archaea.Thermoplasmatota	1276.4450000000002	0.0	638.2225000000001
los	1015	GCA.003158275.1.Archaea.Halobacteriota	1371.3049999999998	0.0	685.6524999999999
los	1143	GCA.002256595.1.Archaea.Halobacteriota	1542.125	0.0	771.0625
hgt	1143	GCA.002256595.1.Archaea.Halobacteriota	1542.125	0.0	771.0625
spe	1013	1013	1366.345	1366.345	1366.345
hgt	943	GCA.015473125.1.Eukaryota.Viridiplantae	1269.475	0.0	634.7375
spe	888	888	1084.09	1084.09	1084.09
hgt	943	888	1269.475	1084.09	1176.7824999999998
spe	876	876	946.8465	946.8465	946.8465
spe	911	911	1169.1970000000001	1169.1970000000001	1169.1970000000001
spe	869	869	694.719	694.719	694.719
