event	left node	right node	left date	right date	midpoint date
los	1730	UNSAMPLED	?	0.0	?
los	1730	UNSAMPLED	?	0.0	?
los	1730	UNSAMPLED	?	0.0	?
los	1730	UNSAMPLED	?	0.0	?
los	1730	UNSAMPLED	?	0.0	?
los	1730	UNSAMPLED	?	0.0	?
los	1730	UNSAMPLED	?	0.0	?
hgt	1730	UNSAMPLED	?	0.0	?
hgt	1730	UNSAMPLED	?	0.0	?
hgt	1730	UNSAMPLED	?	0.0	?
hgt	1730	UNSAMPLED	?	0.0	?
hgt	1730	UNSAMPLED	?	0.0	?
spe	1609	1609	2402.345	2402.345	2402.345
hgt	1705	1609	3153.6549999999997	2402.345	2778.0
spe	1690	1690	2975.2349999999997	2975.2349999999997	2975.2349999999997
spe	870	870	790.375	790.375	790.375
spe	1415	1415	1919.7450000000001	1919.7450000000001	1919.7450000000001
spe	1667	1667	2751.94	2751.94	2751.94
spe	1671	1671	2798.9	2798.9	2798.9
spe	1072	1072	1492.545	1492.545	1492.545
spe	1548	1548	2176.73	2176.73	2176.73
spe	1661	1661	2705.465	2705.465	2705.465
spe	1640	1640	2626.73	2626.73	2626.73
spe	1645	1645	2653.5150000000003	2653.5150000000003	2653.5150000000003
los	1072	GCA.001742785.1.Archaea.Altiarchaeota	1492.545	0.0	746.2725
los	1548	1418	2176.73	1886.455	2031.5925
spe	1322	1322	1770.9250000000002	1770.9250000000002	1770.9250000000002
spe	1493	1493	2027.525	2027.525	2027.525
hgt	1661	1493	2705.465	2027.525	2366.495
spe	1631	1631	2558.825	2558.825	2558.825
los	1640	GCF.000019605.1.Archaea.Thermoproteota	2626.73	0.0	1313.365
spe	1621	1621	2517.75	2517.75	2517.75
spe	1424	1424	1902.65	1902.65	1902.65
spe	1622	1622	2527.615	2527.615	2527.615
hgt	1418	GCF.002201895.1.Archaea.Euryarchaeota	1886.455	0.0	943.2275
hgt	1418	GCA.001587715.1.Archaea.Methanobacteriota.B	1886.455	0.0	943.2275
los	1493	GCA.002502135.1.Archaea.Undinarchaeota	2027.525	0.0	1013.7625
spe	1610	1610	2447.115	2447.115	2447.115
spe	1540	1540	2214.8	2214.8	2214.8
los	1621	1588	2517.75	2383.6549999999997	2450.7025
los	1622	GCA.001940665.1.Archaea.Asgardarchaeota	2527.615	0.0	1263.8075
spe	1606	1606	2445.1400000000003	2445.1400000000003	2445.1400000000003
spe	1511	1511	2126.625	2126.625	2126.625
spe	1523	1523	2166.265	2166.265	2166.265
spe	1358	1358	1798.4299999999998	1798.4299999999998	1798.4299999999998
spe	1398	1398	1863.195	1863.195	1863.195
spe	1518	1518	2127.23	2127.23	2127.23
los	1606	1354	2445.1400000000003	1813.355	2129.2475000000004
spe	1430	1430	1938.605	1938.605	1938.605
los	1511	1428	2126.625	1947.5100000000002	2037.0675
los	1523	GCA.003034855.1.Archaea.Halobacteriota	2166.265	0.0	1083.1325
hgt	1523	GCA.003034855.1.Archaea.Halobacteriota	2166.265	0.0	1083.1325
spe	1447	1447	1969.495	1969.495	1969.495
spe	1176	1176	1577.935	1577.935	1577.935
los	1358	GCA.002254745.1.Archaea.Thermoproteota	1798.4299999999998	0.0	899.2149999999999
spe	1127	1127	1515.1799999999998	1515.1799999999998	1515.1799999999998
hgt	1509	GCA.002495485.1.Archaea.Thermoproteota	2123.145	0.0	1061.5725
spe	1187	1187	1579.1	1579.1	1579.1
los	1518	1103	2127.23	1481.835	1804.5325
spe	1299	1299	1716.1399999999999	1716.1399999999999	1716.1399999999999
spe	1178	1178	1580.44	1580.44	1580.44
spe	1257	1257	1616.7	1616.7	1616.7
spe	1360	1360	1812.405	1812.405	1812.405
spe	992	992	1356.82	1356.82	1356.82
los	1127	GCA.003019535.1.Archaea.Thermoproteota	1515.1799999999998	0.0	757.5899999999999
hgt	1103	GCA.003144275.1.Archaea.Asgardarchaeota	1481.835	0.0	740.9175
hgt	1103	GCA.001940645.1.Archaea.Asgardarchaeota	1481.835	0.0	740.9175
los	1299	1118	1716.1399999999999	1480.595	1598.3674999999998
hgt	1299	1118	1716.1399999999999	1480.595	1598.3674999999998
los	1178	GCA.002011355.1.Archaea.Thermoplasmatota	1580.44	0.0	790.22
spe	973	973	1320.27	1320.27	1320.27
hgt	1281	GCA.002495185.1.Archaea.Thermoplasmatota	1695.025	0.0	847.5125
los	1257	GCF.000194625.1.Archaea.Halobacteriota	1616.7	0.0	808.35
hgt	1257	GCF.000194625.1.Archaea.Halobacteriota	1616.7	0.0	808.35
hgt	1257	GCF.000194625.1.Archaea.Halobacteriota	1616.7	0.0	808.35
spe	1055	1055	1412.42	1412.42	1412.42
spe	1256	1256	1663.625	1663.625	1663.625
los	992	GCF.001481685.1.Archaea.Thermoproteota	1356.82	0.0	678.41
hgt	992	GCF.001481685.1.Archaea.Thermoproteota	1356.82	0.0	678.41
hgt	1118	GCA.002494765.1.Archaea.Thermoplasmatota	1480.595	0.0	740.2975
spe	938	938	1261.09	1261.09	1261.09
hgt	1116	938	1500.29	1261.09	1380.69
spe	1015	1015	1371.3049999999998	1371.3049999999998	1371.3049999999998
los	1256	1143	1663.625	1542.125	1602.875
hgt	1240	GCA.001593855.1.Archaea.Thermoproteota	1643.115	0.0	821.5575
hgt	950	GCA.002878135.1.Archaea.Thermoplasmatota	1276.4450000000002	0.0	638.2225000000001
hgt	950	GCA.002011395.1.Archaea.Thermoplasmatota	1276.4450000000002	0.0	638.2225000000001
hgt	1015	GCF.002114285.1.Archaea.Halobacteriota	1371.3049999999998	0.0	685.6524999999999
hgt	875	GCA.002011085.1.Archaea.Thermoproteota	925.9285	0.0	462.96425
spe	911	911	1169.1970000000001	1169.1970000000001	1169.1970000000001
hgt	1013	911	1366.345	1169.1970000000001	1267.7710000000002
hgt	1013	GCA.001412335.1.Archaea.Halobacteriota	1366.345	0.0	683.1725
hgt	1119	GCA.000999095.1.Bacteria.Patescibacteria	1514.58	0.0	757.29
