event	left node	right node	left date	right date	midpoint date
los	1730	UNSAMPLED	?	0.0	?
los	1730	UNSAMPLED	?	0.0	?
los	1730	UNSAMPLED	?	0.0	?
los	1730	UNSAMPLED	?	0.0	?
los	1730	UNSAMPLED	?	0.0	?
hgt	1730	UNSAMPLED	?	0.0	?
hgt	1730	UNSAMPLED	?	0.0	?
hgt	1730	UNSAMPLED	?	0.0	?
hgt	1730	UNSAMPLED	?	0.0	?
hgt	1730	UNSAMPLED	?	0.0	?
hgt	1730	UNSAMPLED	?	0.0	?
spe	1548	1548	2176.73	2176.73	2176.73
hgt	1667	1548	2751.94	2176.73	2464.335
spe	1640	1640	2626.73	2626.73	2626.73
spe	1418	1418	1886.455	1886.455	1886.455
spe	1322	1322	1770.9250000000002	1770.9250000000002	1770.9250000000002
spe	1621	1621	2517.75	2517.75	2517.75
hgt	1442	GCA.000387965.1.Archaea.Nanoarchaeota	1962.0149999999999	0.0	981.0074999999999
los	1418	GCA.001587715.1.Archaea.Methanobacteriota.B	1886.455	0.0	943.2275
los	1322	GCA.001515205.2.Archaea.Hadarchaeota	1770.9250000000002	0.0	885.4625000000001
spe	1540	1540	2214.8	2214.8	2214.8
spe	1588	1588	2383.6549999999997	2383.6549999999997	2383.6549999999997
hgt	1621	1588	2517.75	2383.6549999999997	2450.7025
spe	1606	1606	2445.1400000000003	2445.1400000000003	2445.1400000000003
hgt	1622	1606	2527.615	2445.1400000000003	2486.3775
spe	1358	1358	1798.4299999999998	1798.4299999999998	1798.4299999999998
spe	1398	1398	1863.195	1863.195	1863.195
spe	1509	1509	2123.145	2123.145	2123.145
spe	1524	1524	2168.41	2168.41	2168.41
spe	1518	1518	2127.23	2127.23	2127.23
spe	1354	1354	1813.355	1813.355	1813.355
spe	1176	1176	1577.935	1577.935	1577.935
los	1358	GCA.002254745.1.Archaea.Thermoproteota	1798.4299999999998	0.0	899.2149999999999
spe	1127	1127	1515.1799999999998	1515.1799999999998	1515.1799999999998
los	1509	GCA.002495485.1.Archaea.Thermoproteota	2123.145	0.0	1061.5725
spe	1461	1461	1998.805	1998.805	1998.805
los	1524	GCA.002255045.1.Archaea.Thermoproteota	2168.41	0.0	1084.205
spe	1474	1474	2026.55	2026.55	2026.55
los	1518	1187	2127.23	1579.1	1853.165
spe	1103	1103	1481.835	1481.835	1481.835
spe	1231	1231	1645.2649999999999	1645.2649999999999	1645.2649999999999
spe	1257	1257	1616.7	1616.7	1616.7
hgt	1447	1257	1969.495	1616.7	1793.0974999999999
spe	992	992	1356.82	1356.82	1356.82
dup	1176	GCF.000011205.1.Archaea.Thermoproteota	1577.935	0.0	788.9675
los	1176	GCF.000011205.1.Archaea.Thermoproteota	1577.935	0.0	788.9675
hgt	1176	GCF.000011205.1.Archaea.Thermoproteota	1577.935	0.0	788.9675
los	1127	GCA.001717025.1.Archaea.Thermoproteota	1515.1799999999998	0.0	757.5899999999999
spe	1274	1274	1643.05	1643.05	1643.05
los	1461	1385	1998.805	1853.335	1926.0700000000002
spe	1361	1361	1807.5249999999999	1807.5249999999999	1807.5249999999999
los	1103	GCA.001940645.1.Archaea.Asgardarchaeota	1481.835	0.0	740.9175
los	1231	GCA.000189635.1.Eukaryota.Ciliophora	1645.2649999999999	0.0	822.6324999999999
spe	1091	1091	1475.775	1475.775	1475.775
hgt	1299	GCA.003009755.1.Archaea.Thermoplasmatota	1716.1399999999999	0.0	858.0699999999999
los	1274	GCA.002255025.1.Archaea.Thermoproteota	1643.05	0.0	821.525
spe	1249	1249	1643.645	1643.645	1643.645
los	1361	1115	1807.5249999999999	1484.13	1645.8274999999999
spe	927	927	1215.125	1215.125	1215.125
spe	1020	1020	1389.275	1389.275	1389.275
spe	875	875	925.9285	925.9285	925.9285
los	1249	GCA.001510295.1.Archaea.Thermoproteota	1643.645	0.0	821.8225
spe	943	943	1269.475	1269.475	1269.475
los	1020	923	1389.275	1219.565	1304.42
hgt	1015	GCF.002114285.1.Archaea.Halobacteriota	1371.3049999999998	0.0	685.6524999999999
los	943	888	1269.475	1084.09	1176.7824999999998
spe	1329	1329	1768.4450000000002	1768.4450000000002	1768.4450000000002
hgt	1386	1329	1844.995	1768.4450000000002	1806.72
hgt	1104	GCA.002309015.1.Bacteria.Myxococcota	1472.175	0.0	736.0875
spe	1211	1211	1596.9450000000002	1596.9450000000002	1596.9450000000002
spe	1186	1186	1588.765	1588.765	1588.765
spe	1038	1038	1380.83	1380.83	1380.83
los	1186	1068	1588.765	1434.31	1511.5375
hgt	1186	GCA.001735895.1.Bacteria.Proteobacteria	1588.765	0.0	794.3825
spe	1258	1258	1647.1100000000001	1647.1100000000001	1647.1100000000001
hgt	1384	1258	1840.255	1647.1100000000001	1743.6825000000001
hgt	1036	GCA.002841945.1.Bacteria.Myxococcota	1389.97	0.0	694.985
los	1038	GCF.001614315.2.Bacteria.Proteobacteria	1380.83	0.0	690.415
spe	894	894	1067.6595	1067.6595	1067.6595
spe	988	988	1330.6	1330.6	1330.6
hgt	1197	988	1581.2649999999999	1330.6	1455.9325
spe	1177	1177	1555.685	1555.685	1555.685
spe	1099	1099	1467.95	1467.95	1467.95
los	894	GCA.002699105.1.Bacteria.Bacteroidota	1067.6595	0.0	533.82975
spe	1042	1042	1386.92	1386.92	1386.92
los	1099	951	1467.95	1269.845	1368.8975
spe	995	995	1332.36	1332.36	1332.36
spe	1044	1044	1391.71	1391.71	1391.71
hgt	1136	1044	1511.5549999999998	1391.71	1451.6325
los	1042	GCF.001697225.1.Bacteria.Proteobacteria	1386.92	0.0	693.46
los	995	GCA.001464965.1.Bacteria.Proteobacteria	1332.36	0.0	666.18
hgt	964	GCF.000024725.1.Bacteria.Proteobacteria	1273.215	0.0	636.6075
spe	953	953	1256.25	1256.25	1256.25
spe	877	877	936.1675	936.1675	936.1675
los	877	GCF.003052605.1.Bacteria.Proteobacteria	936.1675	0.0	468.08375
