event	left node	right node	left date	right date	midpoint date
los	1730	UNSAMPLED	?	0.0	?
los	1730	UNSAMPLED	?	0.0	?
los	1730	UNSAMPLED	?	0.0	?
los	1730	UNSAMPLED	?	0.0	?
los	1730	UNSAMPLED	?	0.0	?
los	1730	UNSAMPLED	?	0.0	?
los	1730	UNSAMPLED	?	0.0	?
los	1730	UNSAMPLED	?	0.0	?
los	1730	UNSAMPLED	?	0.0	?
los	1730	UNSAMPLED	?	0.0	?
hgt	1730	UNSAMPLED	?	0.0	?
hgt	1730	UNSAMPLED	?	0.0	?
hgt	1730	UNSAMPLED	?	0.0	?
hgt	1730	UNSAMPLED	?	0.0	?
hgt	1730	UNSAMPLED	?	0.0	?
hgt	1730	UNSAMPLED	?	0.0	?
hgt	1730	UNSAMPLED	?	0.0	?
hgt	1730	UNSAMPLED	?	0.0	?
hgt	1730	UNSAMPLED	?	0.0	?
hgt	1730	UNSAMPLED	?	0.0	?
spe	1716	1716	3318.57	3318.57	3318.57
spe	1711	1711	3274.245	3274.245	3274.245
spe	1699	1699	3029.29	3029.29	3029.29
spe	1705	1705	3153.6549999999997	3153.6549999999997	3153.6549999999997
spe	1649	1649	2610.45	2610.45	2610.45
spe	1675	1675	2804.24	2804.24	2804.24
spe	1609	1609	2402.345	2402.345	2402.345
spe	1690	1690	2975.2349999999997	2975.2349999999997	2975.2349999999997
los	1649	1557	2610.45	2237.125	2423.7875
spe	1462	1462	1993.08	1993.08	1993.08
spe	1635	1635	2577.46	2577.46	2577.46
los	1609	870	2402.345	790.375	1596.36
spe	1415	1415	1919.7450000000001	1919.7450000000001	1919.7450000000001
spe	1667	1667	2751.94	2751.94	2751.94
los	1690	1671	2975.2349999999997	2798.9	2887.0675
hgt	1690	1671	2975.2349999999997	2798.9	2887.0675
hgt	1557	GCA.001564035.1.Archaea.Nanohaloarchaeota	2237.125	0.0	1118.5625
spe	1519	1519	2133.415	2133.415	2133.415
los	1635	1564	2577.46	2296.265	2436.8625
spe	1072	1072	1492.545	1492.545	1492.545
spe	1548	1548	2176.73	2176.73	2176.73
spe	1661	1661	2705.465	2705.465	2705.465
spe	1296	1296	1724.445	1724.445	1724.445
los	1548	1418	2176.73	1886.455	2031.5925
spe	1322	1322	1770.9250000000002	1770.9250000000002	1770.9250000000002
los	1661	1493	2705.465	2027.525	2366.495
spe	1631	1631	2558.825	2558.825	2558.825
hgt	1442	GCA.000387965.1.Archaea.Nanoarchaeota	1962.0149999999999	0.0	981.0074999999999
hgt	1418	GCF.002201895.1.Archaea.Euryarchaeota	1886.455	0.0	943.2275
hgt	1418	GCA.001587715.1.Archaea.Methanobacteriota.B	1886.455	0.0	943.2275
los	1322	GCA.001515205.2.Archaea.Hadarchaeota	1770.9250000000002	0.0	885.4625000000001
hgt	1493	GCA.003230355.1.Archaea.Hydrothermarchaeota	2027.525	0.0	1013.7625
spe	1610	1610	2447.115	2447.115	2447.115
spe	1511	1511	2126.625	2126.625	2126.625
spe	1523	1523	2166.265	2166.265	2166.265
spe	1358	1358	1798.4299999999998	1798.4299999999998	1798.4299999999998
hgt	1540	1358	2214.8	1798.4299999999998	2006.615
spe	1398	1398	1863.195	1863.195	1863.195
hgt	1540	1398	2214.8	1863.195	2038.9975
spe	1430	1430	1938.605	1938.605	1938.605
spe	1428	1428	1947.5100000000002	1947.5100000000002	1947.5100000000002
hgt	1523	GCA.003034855.1.Archaea.Halobacteriota	2166.265	0.0	1083.1325
spe	1447	1447	1969.495	1969.495	1969.495
spe	1176	1176	1577.935	1577.935	1577.935
hgt	1398	GCF.000148385.1.Archaea.Thermoproteota	1863.195	0.0	931.5975
spe	1127	1127	1515.1799999999998	1515.1799999999998	1515.1799999999998
hgt	1509	GCA.002495485.1.Archaea.Thermoproteota	2123.145	0.0	1061.5725
spe	1103	1103	1481.835	1481.835	1481.835
hgt	1518	1103	2127.23	1481.835	1804.5325
spe	1231	1231	1645.2649999999999	1645.2649999999999	1645.2649999999999
hgt	1354	1231	1813.355	1645.2649999999999	1729.31
hgt	1354	GCA.000002435.2.Eukaryota.Fornicata	1813.355	0.0	906.6775
spe	1299	1299	1716.1399999999999	1716.1399999999999	1716.1399999999999
hgt	1430	1299	1938.605	1716.1399999999999	1827.3725
spe	1178	1178	1580.44	1580.44	1580.44
spe	1355	1355	1811.47	1811.47	1811.47
spe	1281	1281	1695.025	1695.025	1695.025
spe	1257	1257	1616.7	1616.7	1616.7
spe	1360	1360	1812.405	1812.405	1812.405
los	1176	992	1577.935	1356.82	1467.3775
spe	992	992	1356.82	1356.82	1356.82
hgt	1176	992	1577.935	1356.82	1467.3775
los	1127	GCA.001717025.1.Archaea.Thermoproteota	1515.1799999999998	0.0	757.5899999999999
hgt	1127	GCA.001717025.1.Archaea.Thermoproteota	1515.1799999999998	0.0	757.5899999999999
spe	1274	1274	1643.05	1643.05	1643.05
hgt	1461	1274	1998.805	1643.05	1820.9275
spe	1385	1385	1853.335	1853.335	1853.335
hgt	1461	1385	1998.805	1853.335	1926.0700000000002
hgt	1187	GCA.001940755.1.Archaea.Asgardarchaeota	1579.1	0.0	789.55
spe	1091	1091	1475.775	1475.775	1475.775
los	1299	GCA.003009755.1.Archaea.Thermoplasmatota	1716.1399999999999	0.0	858.0699999999999
hgt	1299	GCA.003009755.1.Archaea.Thermoplasmatota	1716.1399999999999	0.0	858.0699999999999
spe	1118	1118	1480.595	1480.595	1480.595
spe	973	973	1320.27	1320.27	1320.27
los	1355	GCA.002497685.1.Archaea.Thermoplasmatota	1811.47	0.0	905.735
hgt	1355	GCA.002497685.1.Archaea.Thermoplasmatota	1811.47	0.0	905.735
spe	1141	1141	1534.115	1534.115	1534.115
los	1281	GCA.002495185.1.Archaea.Thermoplasmatota	1695.025	0.0	847.5125
spe	1116	1116	1500.29	1500.29	1500.29
spe	1055	1055	1412.42	1412.42	1412.42
spe	1256	1256	1663.625	1663.625	1663.625
spe	1240	1240	1643.115	1643.115	1643.115
hgt	1385	1240	1853.335	1643.115	1748.225
spe	1057	1057	1422.225	1422.225	1422.225
spe	927	927	1215.125	1215.125	1215.125
spe	1020	1020	1389.275	1389.275	1389.275
los	1141	GCF.002078355.1.Archaea.Thermoplasmatota	1534.115	0.0	767.0575
hgt	1141	GCF.002078355.1.Archaea.Thermoplasmatota	1534.115	0.0	767.0575
spe	950	950	1276.4450000000002	1276.4450000000002	1276.4450000000002
spe	938	938	1261.09	1261.09	1261.09
los	1256	1015	1663.625	1371.3049999999998	1517.465
spe	1143	1143	1542.125	1542.125	1542.125
los	1240	903	1643.115	1108.5584999999999	1375.83675
los	1057	GCA.001273335.1.Archaea.Thermoproteota	1422.225	0.0	711.1125
spe	875	875	925.9285	925.9285	925.9285
hgt	1249	875	1643.645	925.9285	1284.78675
los	927	GCA.000315625.1.Eukaryota.Cryptophyceae	1215.125	0.0	607.5625
hgt	927	GCA.000315625.1.Eukaryota.Cryptophyceae	1215.125	0.0	607.5625
spe	943	943	1269.475	1269.475	1269.475
spe	923	923	1219.565	1219.565	1219.565
los	950	GCA.002878135.1.Archaea.Thermoplasmatota	1276.4450000000002	0.0	638.2225000000001
hgt	950	GCA.002878135.1.Archaea.Thermoplasmatota	1276.4450000000002	0.0	638.2225000000001
hgt	1015	GCF.002114285.1.Archaea.Halobacteriota	1371.3049999999998	0.0	685.6524999999999
spe	1013	1013	1366.345	1366.345	1366.345
dup	875	GCA.002011085.1.Archaea.Thermoproteota	925.9285	0.0	462.96425
spe	888	888	1084.09	1084.09	1084.09
los	923	GCA.000004985.1.Eukaryota.Heterolobosea	1219.565	0.0	609.7825
spe	876	876	946.8465	946.8465	946.8465
spe	911	911	1169.1970000000001	1169.1970000000001	1169.1970000000001
los	888	GCA.002049455.2.Eukaryota.Rhodophyta	1084.09	0.0	542.045
spe	869	869	694.719	694.719	694.719
hgt	1065	GCA.003056205.1.Bacteria.Patescibacteria	1417.855	0.0	708.9275
