event	left node	right node	left date	right date	midpoint date
los	1730	UNSAMPLED	?	0.0	?
los	1730	UNSAMPLED	?	0.0	?
los	1730	UNSAMPLED	?	0.0	?
los	1730	UNSAMPLED	?	0.0	?
hgt	1730	UNSAMPLED	?	0.0	?
hgt	1730	UNSAMPLED	?	0.0	?
hgt	1730	UNSAMPLED	?	0.0	?
hgt	1730	UNSAMPLED	?	0.0	?
spe	1667	1667	2751.94	2751.94	2751.94
spe	1548	1548	2176.73	2176.73	2176.73
spe	1661	1661	2705.465	2705.465	2705.465
spe	1640	1640	2626.73	2626.73	2626.73
hgt	1671	1640	2798.9	2626.73	2712.815
los	1548	1418	2176.73	1886.455	2031.5925
spe	1322	1322	1770.9250000000002	1770.9250000000002	1770.9250000000002
spe	1493	1493	2027.525	2027.525	2027.525
hgt	1661	1493	2705.465	2027.525	2366.495
spe	1631	1631	2558.825	2558.825	2558.825
spe	1621	1621	2517.75	2517.75	2517.75
hgt	1418	GCA.001587715.1.Archaea.Methanobacteriota.B	1886.455	0.0	943.2275
los	1322	GCA.001515205.2.Archaea.Hadarchaeota	1770.9250000000002	0.0	885.4625000000001
los	1493	GCA.002502135.1.Archaea.Undinarchaeota	2027.525	0.0	1013.7625
spe	1610	1610	2447.115	2447.115	2447.115
spe	1540	1540	2214.8	2214.8	2214.8
spe	1588	1588	2383.6549999999997	2383.6549999999997	2383.6549999999997
hgt	1622	GCA.001940665.1.Archaea.Asgardarchaeota	2527.615	0.0	1263.8075
spe	1511	1511	2126.625	2126.625	2126.625
spe	1523	1523	2166.265	2166.265	2166.265
spe	1358	1358	1798.4299999999998	1798.4299999999998	1798.4299999999998
spe	1398	1398	1863.195	1863.195	1863.195
los	1588	1509	2383.6549999999997	2123.145	2253.3999999999996
spe	1524	1524	2168.41	2168.41	2168.41
spe	1430	1430	1938.605	1938.605	1938.605
spe	1428	1428	1947.5100000000002	1947.5100000000002	1947.5100000000002
los	1523	GCA.003034855.1.Archaea.Halobacteriota	2166.265	0.0	1083.1325
spe	1447	1447	1969.495	1969.495	1969.495
spe	1176	1176	1577.935	1577.935	1577.935
spe	1127	1127	1515.1799999999998	1515.1799999999998	1515.1799999999998
los	1524	1474	2168.41	2026.55	2097.48
spe	1299	1299	1716.1399999999999	1716.1399999999999	1716.1399999999999
spe	1178	1178	1580.44	1580.44	1580.44
spe	1355	1355	1811.47	1811.47	1811.47
spe	1281	1281	1695.025	1695.025	1695.025
los	1447	1257	1969.495	1616.7	1793.0974999999999
spe	1360	1360	1812.405	1812.405	1812.405
spe	992	992	1356.82	1356.82	1356.82
los	1176	GCF.000011205.1.Archaea.Thermoproteota	1577.935	0.0	788.9675
los	1127	GCA.003019535.1.Archaea.Thermoproteota	1515.1799999999998	0.0	757.5899999999999
hgt	1127	GCA.003019535.1.Archaea.Thermoproteota	1515.1799999999998	0.0	757.5899999999999
hgt	1187	GCA.001940755.1.Archaea.Asgardarchaeota	1579.1	0.0	789.55
hgt	1103	GCA.003144275.1.Archaea.Asgardarchaeota	1481.835	0.0	740.9175
los	1299	GCA.003009755.1.Archaea.Thermoplasmatota	1716.1399999999999	0.0	858.0699999999999
spe	1118	1118	1480.595	1480.595	1480.595
los	1178	GCA.002011355.1.Archaea.Thermoplasmatota	1580.44	0.0	790.22
spe	973	973	1320.27	1320.27	1320.27
los	1355	GCA.002497685.1.Archaea.Thermoplasmatota	1811.47	0.0	905.735
spe	1141	1141	1534.115	1534.115	1534.115
los	1281	GCA.002495185.1.Archaea.Thermoplasmatota	1695.025	0.0	847.5125
spe	1116	1116	1500.29	1500.29	1500.29
hgt	1257	GCF.000194625.1.Archaea.Halobacteriota	1616.7	0.0	808.35
hgt	1257	GCA.002011165.1.Archaea.Halobacteriota	1616.7	0.0	808.35
spe	1055	1055	1412.42	1412.42	1412.42
spe	1256	1256	1663.625	1663.625	1663.625
los	992	GCF.000092185.1.Archaea.Thermoproteota	1356.82	0.0	678.41
hgt	1274	GCA.001593865.1.Archaea.Thermoproteota	1643.05	0.0	821.525
los	1118	GCA.002495235.1.Archaea.Thermoplasmatota	1480.595	0.0	740.2975
spe	950	950	1276.4450000000002	1276.4450000000002	1276.4450000000002
spe	938	938	1261.09	1261.09	1261.09
spe	1015	1015	1371.3049999999998	1371.3049999999998	1371.3049999999998
spe	1143	1143	1542.125	1542.125	1542.125
spe	1143	1143	1542.125	1542.125	1542.125
hgt	1256	1143	1663.625	1542.125	1602.875
hgt	1057	GCA.001775995.1.Archaea.Thermoproteota	1422.225	0.0	711.1125
los	1143	GCA.002256595.1.Archaea.Halobacteriota	1542.125	0.0	771.0625
spe	1013	1013	1366.345	1366.345	1366.345
spe	1013	1013	1366.345	1366.345	1366.345
los	1013	911	1366.345	1169.1970000000001	1267.7710000000002
spe	911	911	1169.1970000000001	1169.1970000000001	1169.1970000000001
los	1013	GCA.001412335.1.Archaea.Halobacteriota	1366.345	0.0	683.1725
