event	left node	right node	left date	right date	midpoint date
los	1730	UNSAMPLED	?	0.0	?
los	1730	UNSAMPLED	?	0.0	?
los	1730	UNSAMPLED	?	0.0	?
los	1730	UNSAMPLED	?	0.0	?
los	1730	UNSAMPLED	?	0.0	?
los	1730	UNSAMPLED	?	0.0	?
los	1730	UNSAMPLED	?	0.0	?
los	1730	UNSAMPLED	?	0.0	?
hgt	1730	UNSAMPLED	?	0.0	?
hgt	1730	UNSAMPLED	?	0.0	?
hgt	1730	UNSAMPLED	?	0.0	?
hgt	1730	UNSAMPLED	?	0.0	?
hgt	1730	UNSAMPLED	?	0.0	?
hgt	1730	UNSAMPLED	?	0.0	?
hgt	1730	UNSAMPLED	?	0.0	?
hgt	1730	UNSAMPLED	?	0.0	?
spe	1711	1711	3274.245	3274.245	3274.245
spe	1699	1699	3029.29	3029.29	3029.29
spe	1705	1705	3153.6549999999997	3153.6549999999997	3153.6549999999997
spe	1649	1649	2610.45	2610.45	2610.45
los	1699	1675	3029.29	2804.24	2916.765
los	1705	1609	3153.6549999999997	2402.345	2778.0
spe	1690	1690	2975.2349999999997	2975.2349999999997	2975.2349999999997
spe	1557	1557	2237.125	2237.125	2237.125
spe	1667	1667	2751.94	2751.94	2751.94
spe	1671	1671	2798.9	2798.9	2798.9
los	1557	GCA.002254415.1.Archaea.EX4484.52	2237.125	0.0	1118.5625
spe	1548	1548	2176.73	2176.73	2176.73
spe	1661	1661	2705.465	2705.465	2705.465
spe	1640	1640	2626.73	2626.73	2626.73
spe	1645	1645	2653.5150000000003	2653.5150000000003	2653.5150000000003
spe	1418	1418	1886.455	1886.455	1886.455
spe	1322	1322	1770.9250000000002	1770.9250000000002	1770.9250000000002
los	1661	1493	2705.465	2027.525	2366.495
spe	1631	1631	2558.825	2558.825	2558.825
spe	1621	1621	2517.75	2517.75	2517.75
spe	1424	1424	1902.65	1902.65	1902.65
spe	1622	1622	2527.615	2527.615	2527.615
los	1418	GCA.001587715.1.Archaea.Methanobacteriota.B	1886.455	0.0	943.2275
hgt	1418	GCA.001587715.1.Archaea.Methanobacteriota.B	1886.455	0.0	943.2275
los	1322	GCA.001515205.2.Archaea.Hadarchaeota	1770.9250000000002	0.0	885.4625000000001
los	1631	GCF.000025525.1.Archaea.Methanobacteriota.A	2558.825	0.0	1279.4125
hgt	1631	GCF.000025525.1.Archaea.Methanobacteriota.A	2558.825	0.0	1279.4125
spe	1610	1610	2447.115	2447.115	2447.115
spe	1540	1540	2214.8	2214.8	2214.8
spe	1588	1588	2383.6549999999997	2383.6549999999997	2383.6549999999997
los	1424	GCA.001563325.1.Archaea.Asgardarchaeota	1902.65	0.0	951.325
hgt	1424	GCA.001563325.1.Archaea.Asgardarchaeota	1902.65	0.0	951.325
spe	1606	1606	2445.1400000000003	2445.1400000000003	2445.1400000000003
spe	1511	1511	2126.625	2126.625	2126.625
spe	1523	1523	2166.265	2166.265	2166.265
spe	1358	1358	1798.4299999999998	1798.4299999999998	1798.4299999999998
spe	1398	1398	1863.195	1863.195	1863.195
spe	1509	1509	2123.145	2123.145	2123.145
los	1588	1524	2383.6549999999997	2168.41	2276.0325
spe	1518	1518	2127.23	2127.23	2127.23
los	1606	1354	2445.1400000000003	1813.355	2129.2475000000004
spe	1354	1354	1813.355	1813.355	1813.355
hgt	1606	1354	2445.1400000000003	1813.355	2129.2475000000004
hgt	1277	GCA.002010365.1.Bacteria.Bipolaricaulota	1715.27	0.0	857.635
spe	1430	1430	1938.605	1938.605	1938.605
spe	1428	1428	1947.5100000000002	1947.5100000000002	1947.5100000000002
spe	1447	1447	1969.495	1969.495	1969.495
spe	1176	1176	1577.935	1577.935	1577.935
los	1398	1127	1863.195	1515.1799999999998	1689.1875
los	1509	GCA.002495485.1.Archaea.Thermoproteota	2123.145	0.0	1061.5725
spe	1461	1461	1998.805	1998.805	1998.805
hgt	1524	GCA.002255045.1.Archaea.Thermoproteota	2168.41	0.0	1084.205
spe	1187	1187	1579.1	1579.1	1579.1
spe	1103	1103	1481.835	1481.835	1481.835
spe	1231	1231	1645.2649999999999	1645.2649999999999	1645.2649999999999
los	1430	1299	1938.605	1716.1399999999999	1827.3725
spe	1178	1178	1580.44	1580.44	1580.44
spe	1355	1355	1811.47	1811.47	1811.47
spe	1281	1281	1695.025	1695.025	1695.025
spe	1257	1257	1616.7	1616.7	1616.7
spe	1360	1360	1812.405	1812.405	1812.405
spe	992	992	1356.82	1356.82	1356.82
los	1176	GCF.000011205.1.Archaea.Thermoproteota	1577.935	0.0	788.9675
hgt	1127	GCA.003019535.1.Archaea.Thermoproteota	1515.1799999999998	0.0	757.5899999999999
hgt	1127	GCA.001717025.1.Archaea.Thermoproteota	1515.1799999999998	0.0	757.5899999999999
spe	1274	1274	1643.05	1643.05	1643.05
spe	1385	1385	1853.335	1853.335	1853.335
spe	1091	1091	1475.775	1475.775	1475.775
hgt	1007	GCF.000328625.1.Bacteria.Firmicutes.F	1418.775	0.0	709.3875
hgt	1299	GCA.003009755.1.Archaea.Thermoplasmatota	1716.1399999999999	0.0	858.0699999999999
spe	973	973	1320.27	1320.27	1320.27
los	1355	1141	1811.47	1534.115	1672.7925
dup	1281	GCA.002495185.1.Archaea.Thermoplasmatota	1695.025	0.0	847.5125
spe	1116	1116	1500.29	1500.29	1500.29
los	1360	1055	1812.405	1412.42	1612.4125
spe	1055	1055	1412.42	1412.42	1412.42
hgt	1360	1055	1812.405	1412.42	1612.4125
spe	1256	1256	1663.625	1663.625	1663.625
los	1385	1240	1853.335	1643.115	1748.225
spe	1057	1057	1422.225	1422.225	1422.225
spe	927	927	1215.125	1215.125	1215.125
los	1091	1020	1475.775	1389.275	1432.525
hgt	1118	GCA.002494765.1.Archaea.Thermoplasmatota	1480.595	0.0	740.2975
hgt	1141	GCF.002078355.1.Archaea.Thermoplasmatota	1534.115	0.0	767.0575
spe	950	950	1276.4450000000002	1276.4450000000002	1276.4450000000002
hgt	1141	950	1534.115	1276.4450000000002	1405.2800000000002
spe	938	938	1261.09	1261.09	1261.09
spe	1015	1015	1371.3049999999998	1371.3049999999998	1371.3049999999998
spe	1143	1143	1542.125	1542.125	1542.125
hgt	1240	GCA.001593855.1.Archaea.Thermoproteota	1643.115	0.0	821.5575
los	1057	GCA.001273335.1.Archaea.Thermoproteota	1422.225	0.0	711.1125
hgt	1249	GCA.001510295.1.Archaea.Thermoproteota	1643.645	0.0	821.8225
hgt	1115	GCA.000405685.1.Archaea.Thermoproteota	1484.13	0.0	742.065
los	1015	GCA.003158275.1.Archaea.Halobacteriota	1371.3049999999998	0.0	685.6524999999999
hgt	1143	GCA.002256595.1.Archaea.Halobacteriota	1542.125	0.0	771.0625
spe	1013	1013	1366.345	1366.345	1366.345
hgt	943	GCA.015473125.1.Eukaryota.Viridiplantae	1269.475	0.0	634.7375
hgt	923	GCA.000004985.1.Eukaryota.Heterolobosea	1219.565	0.0	609.7825
spe	911	911	1169.1970000000001	1169.1970000000001	1169.1970000000001
hgt	869	GCA.000188695.1.Eukaryota.Choanoflagellata	694.719	0.0	347.3595
