event	left node	right node	left date	right date	midpoint date
los	1730	UNSAMPLED	?	0.0	?
los	1730	UNSAMPLED	?	0.0	?
los	1730	UNSAMPLED	?	0.0	?
los	1730	UNSAMPLED	?	0.0	?
hgt	1730	UNSAMPLED	?	0.0	?
hgt	1730	UNSAMPLED	?	0.0	?
hgt	1730	UNSAMPLED	?	0.0	?
hgt	1730	UNSAMPLED	?	0.0	?
spe	1667	1667	2751.94	2751.94	2751.94
spe	1548	1548	2176.73	2176.73	2176.73
spe	1661	1661	2705.465	2705.465	2705.465
spe	1411	1411	1931.1000000000001	1931.1000000000001	1931.1000000000001
hgt	1689	1411	2976.645	1931.1000000000001	2453.8725
spe	1418	1418	1886.455	1886.455	1886.455
spe	1322	1322	1770.9250000000002	1770.9250000000002	1770.9250000000002
los	1661	1493	2705.465	2027.525	2366.495
spe	1631	1631	2558.825	2558.825	2558.825
los	1418	GCA.001587715.1.Archaea.Methanobacteriota.B	1886.455	0.0	943.2275
los	1322	GCA.001515205.2.Archaea.Hadarchaeota	1770.9250000000002	0.0	885.4625000000001
spe	1610	1610	2447.115	2447.115	2447.115
spe	1540	1540	2214.8	2214.8	2214.8
hgt	1621	1540	2517.75	2214.8	2366.275
hgt	1424	GCA.001563325.1.Archaea.Asgardarchaeota	1902.65	0.0	951.325
spe	1511	1511	2126.625	2126.625	2126.625
spe	1523	1523	2166.265	2166.265	2166.265
hgt	1610	1523	2447.115	2166.265	2306.6899999999996
spe	1358	1358	1798.4299999999998	1798.4299999999998	1798.4299999999998
spe	1398	1398	1863.195	1863.195	1863.195
spe	1195	1195	1607.785	1607.785	1607.785
hgt	1599	1195	2420.035	1607.785	2013.9099999999999
spe	1420	1420	1902.285	1902.285	1902.285
hgt	1615	1420	2397.09	1902.285	2149.6875
spe	1430	1430	1938.605	1938.605	1938.605
los	1511	1428	2126.625	1947.5100000000002	2037.0675
hgt	1523	GCA.003034855.1.Archaea.Halobacteriota	2166.265	0.0	1083.1325
spe	1447	1447	1969.495	1969.495	1969.495
spe	1176	1176	1577.935	1577.935	1577.935
los	1358	GCA.002254745.1.Archaea.Thermoproteota	1798.4299999999998	0.0	899.2149999999999
spe	1127	1127	1515.1799999999998	1515.1799999999998	1515.1799999999998
spe	958	958	1271.3955	1271.3955	1271.3955
spe	1007	1007	1418.775	1418.775	1418.775
los	1430	1299	1938.605	1716.1399999999999	1827.3725
spe	1178	1178	1580.44	1580.44	1580.44
spe	1257	1257	1616.7	1616.7	1616.7
spe	1360	1360	1812.405	1812.405	1812.405
spe	992	992	1356.82	1356.82	1356.82
los	1176	GCF.000011205.1.Archaea.Thermoproteota	1577.935	0.0	788.9675
los	1127	GCA.003019535.1.Archaea.Thermoproteota	1515.1799999999998	0.0	757.5899999999999
spe	1451	1451	1994.345	1994.345	1994.345
hgt	1598	1451	2422.78	1994.345	2208.5625
hgt	1416	GCF.000421485.1.Bacteria.Aquificota	1922.45	0.0	961.225
los	1178	GCA.002011355.1.Archaea.Thermoplasmatota	1580.44	0.0	790.22
spe	973	973	1320.27	1320.27	1320.27
spe	1116	1116	1500.29	1500.29	1500.29
hgt	1281	1116	1695.025	1500.29	1597.6575
los	1257	GCA.002011165.1.Archaea.Halobacteriota	1616.7	0.0	808.35
hgt	1257	GCA.002011165.1.Archaea.Halobacteriota	1616.7	0.0	808.35
spe	1055	1055	1412.42	1412.42	1412.42
los	1360	1256	1812.405	1663.625	1738.0149999999999
spe	1107	1107	1504.65	1504.65	1504.65
hgt	1451	1107	1994.345	1504.65	1749.4975
hgt	1451	GCA.002418835.1.Bacteria.Spirochaetota	1994.345	0.0	997.1725
hgt	940	GCA.001513495.1.Bacteria.Firmicutes.G	1264.8925	0.0	632.44625
spe	938	938	1261.09	1261.09	1261.09
los	1055	GCA.001766825.1.Archaea.Halobacteriota	1412.42	0.0	706.21
los	1107	GCF.000266885.1.Bacteria.Spirochaetota	1504.65	0.0	752.325
hgt	950	GCA.002011395.1.Archaea.Thermoplasmatota	1276.4450000000002	0.0	638.2225000000001
los	938	GCA.001595885.1.Archaea.Thermoplasmatota	1261.09	0.0	630.545
hgt	1015	GCF.002114285.1.Archaea.Halobacteriota	1371.3049999999998	0.0	685.6524999999999
spe	1013	1013	1366.345	1366.345	1366.345
hgt	1143	1013	1542.125	1366.345	1454.2350000000001
hgt	1318	GCA.002423965.1.Bacteria.Firmicutes.D	1678.19	0.0	839.095
spe	911	911	1169.1970000000001	1169.1970000000001	1169.1970000000001
