event	left node	right node	left date	right date	midpoint date
dup	1730	UNSAMPLED	?	0.0	?
los	1730	UNSAMPLED	?	0.0	?
los	1730	UNSAMPLED	?	0.0	?
los	1730	UNSAMPLED	?	0.0	?
los	1730	UNSAMPLED	?	0.0	?
los	1730	UNSAMPLED	?	0.0	?
los	1730	UNSAMPLED	?	0.0	?
los	1730	UNSAMPLED	?	0.0	?
los	1730	UNSAMPLED	?	0.0	?
los	1730	UNSAMPLED	?	0.0	?
hgt	1730	UNSAMPLED	?	0.0	?
hgt	1730	UNSAMPLED	?	0.0	?
hgt	1730	UNSAMPLED	?	0.0	?
hgt	1730	UNSAMPLED	?	0.0	?
hgt	1730	UNSAMPLED	?	0.0	?
hgt	1730	UNSAMPLED	?	0.0	?
hgt	1730	UNSAMPLED	?	0.0	?
hgt	1730	UNSAMPLED	?	0.0	?
hgt	1730	UNSAMPLED	?	0.0	?
spe	1714	1714	3319.26	3319.26	3319.26
spe	1660	1660	2723.8500000000004	2723.8500000000004	2723.8500000000004
spe	1703	1703	3133.075	3133.075	3133.075
spe	1625	1625	2538.56	2538.56	2538.56
spe	1624	1624	2537.965	2537.965	2537.965
los	1703	1665	3133.075	2752.4700000000003	2942.7725
spe	1674	1674	2803.98	2803.98	2803.98
hgt	1411	GCA.001443005.1.Bacteria.Synergistota	1931.1000000000001	0.0	965.5500000000001
spe	1627	1627	2540.54	2540.54	2540.54
hgt	1677	1627	2844.735	2540.54	2692.6375
los	1625	1549	2538.56	2247.565	2393.0625
los	1624	1602	2537.965	2426.2	2482.0825
spe	1464	1464	2064.13	2064.13	2064.13
hgt	1674	1464	2803.98	2064.13	2434.0550000000003
spe	1651	1651	2692.5550000000003	2692.5550000000003	2692.5550000000003
spe	1277	1277	1715.27	1715.27	1715.27
hgt	1627	1277	2540.54	1715.27	2127.9049999999997
hgt	1627	GCA.000353875.1.Bacteria.Atribacterota	2540.54	0.0	1270.27
spe	1335	1335	1800.3999999999999	1800.3999999999999	1800.3999999999999
spe	1390	1390	1896.8449999999998	1896.8449999999998	1896.8449999999998
spe	1615	1615	2397.09	2397.09	2397.09
spe	1639	1639	2619.0699999999997	2619.0699999999997	2619.0699999999997
spe	985	985	1366.8200000000002	1366.8200000000002	1366.8200000000002
spe	1092	1092	1478.5900000000001	1478.5900000000001	1478.5900000000001
spe	1190	1190	1617.44	1617.44	1617.44
spe	1262	1262	1695.79	1695.79	1695.79
spe	1170	1170	1584.4	1584.4	1584.4
spe	1420	1420	1902.285	1902.285	1902.285
spe	1458	1458	2011.28	2011.28	2011.28
spe	1458	1458	2011.28	2011.28	2011.28
spe	1618	1618	2495.045	2495.045	2495.045
hgt	1639	1618	2619.0699999999997	2495.045	2557.0575
hgt	1250	GCA.900313115.1.Bacteria.Cyanobacteria	1690.83	0.0	845.415
los	985	GCA.001778455.1.Bacteria.Bipolaricaulota	1366.8200000000002	0.0	683.4100000000001
los	1092	GCA.002399235.1.Bacteria.Firmicutes.G	1478.5900000000001	0.0	739.2950000000001
hgt	1092	GCA.002399235.1.Bacteria.Firmicutes.G	1478.5900000000001	0.0	739.2950000000001
spe	1041	1041	1426.32	1426.32	1426.32
spe	971	971	1335.97	1335.97	1335.97
spe	1052	1052	1446.125	1446.125	1446.125
los	1420	1007	1902.285	1418.775	1660.5300000000002
spe	1153	1153	1546.995	1546.995	1546.995
spe	1153	1153	1546.995	1546.995	1546.995
spe	1393	1393	1872.885	1872.885	1872.885
spe	1393	1393	1872.885	1872.885	1872.885
los	1618	1551	2495.045	2255.985	2375.5150000000003
spe	1607	1607	2426.135	2426.135	2426.135
spe	1533	1533	2138.75	2138.75	2138.75
hgt	1668	1533	2760.185	2138.75	2449.4674999999997
hgt	958	GCA.003538775.1.Bacteria.Thermotogota	1271.3955	0.0	635.69775
spe	940	940	1264.8925	1264.8925	1264.8925
los	1052	GCA.001513145.1.Bacteria.Firmicutes.G	1446.125	0.0	723.0625
hgt	1052	GCA.001513145.1.Bacteria.Firmicutes.G	1446.125	0.0	723.0625
los	1153	GCA.002375925.1.Bacteria.Firmicutes.E	1546.995	0.0	773.4975
los	1153	GCA.002375895.1.Bacteria.Firmicutes.E	1546.995	0.0	773.4975
spe	1288	1288	1712.115	1712.115	1712.115
spe	1288	1288	1712.115	1712.115	1712.115
los	1393	1251	1872.885	1667.9650000000001	1770.4250000000002
spe	1251	1251	1667.9650000000001	1667.9650000000001	1667.9650000000001
spe	1337	1337	1697.815	1697.815	1697.815
hgt	1551	1337	2255.985	1697.815	1976.9
spe	1554	1554	2263.0	2263.0	2263.0
spe	1568	1568	2312.8050000000003	2312.8050000000003	2312.8050000000003
hgt	1533	GCA.002084955.1.Bacteria.Patescibacteria	2138.75	0.0	1069.375
hgt	1603	GCA.001772805.1.Bacteria.Patescibacteria	2409.5249999999996	0.0	1204.7624999999998
hgt	1365	GCA.003497555.1.Bacteria.Spirochaetota	1820.805	0.0	910.4025
los	940	GCA.002396805.1.Bacteria.Firmicutes.G	1264.8925	0.0	632.44625
hgt	940	GCA.002396805.1.Bacteria.Firmicutes.G	1264.8925	0.0	632.44625
los	1288	GCA.003023725.1.Bacteria.Firmicutes.E	1712.115	0.0	856.0575
spe	1123	1123	1509.365	1509.365	1509.365
spe	1123	1123	1509.365	1509.365	1509.365
los	1251	1084	1667.9650000000001	1465.43	1566.6975000000002
spe	1084	1084	1465.43	1465.43	1465.43
hgt	1251	1084	1667.9650000000001	1465.43	1566.6975000000002
hgt	1337	GCF.900142995.1.Bacteria.Firmicutes.A	1697.815	0.0	848.9075
spe	1456	1456	1989.36	1989.36	1989.36
los	1554	1477	2263.0	2039.0500000000002	2151.025
spe	1477	1477	2039.0500000000002	2039.0500000000002	2039.0500000000002
hgt	1554	1477	2263.0	2039.0500000000002	2151.025
los	1568	1213	2312.8050000000003	1602.185	1957.4950000000001
spe	1550	1550	2240.33	2240.33	2240.33
hgt	1592	GCA.001775055.1.Bacteria.Patescibacteria	2396.5699999999997	0.0	1198.2849999999999
hgt	934	GCF.900142435.1.Bacteria.Aquificota	1235.659	0.0	617.8295
los	1123	GCA.003242675.1.Bacteria.Firmicutes.E	1509.365	0.0	754.6825
spe	1021	1021	1388.78	1388.78	1388.78
spe	1021	1021	1388.78	1388.78	1388.78
spe	924	924	1196.4	1196.4	1196.4
spe	1192	1192	1576.985	1576.985	1576.985
hgt	1429	1192	1953.0900000000001	1576.985	1765.0375
los	1456	1233	1989.36	1620.075	1804.7175
spe	1149	1149	1516.6599999999999	1516.6599999999999	1516.6599999999999
spe	1397	1397	1862.4850000000001	1862.4850000000001	1862.4850000000001
hgt	1213	GCA.002385745.1.Bacteria.Firmicutes.D	1602.185	0.0	801.0925
los	1550	1318	2240.33	1678.19	1959.26
spe	1483	1483	2049.0099999999998	2049.0099999999998	2049.0099999999998
los	1021	GCA.003242195.1.Bacteria.Firmicutes.E	1388.78	0.0	694.39
los	1021	GCA.002385465.1.Bacteria.Firmicutes.E	1388.78	0.0	694.39
los	924	GCA.003449495.1.Bacteria.Firmicutes.E	1196.4	0.0	598.2
hgt	924	GCA.003449495.1.Bacteria.Firmicutes.E	1196.4	0.0	598.2
spe	1032	1032	1401.9	1401.9	1401.9
spe	1207	1207	1576.575	1576.575	1576.575
spe	1338	1338	1779.53	1779.53	1779.53
los	1483	1163	2049.0099999999998	1549.5949999999998	1799.3024999999998
spe	1163	1163	1549.5949999999998	1549.5949999999998	1549.5949999999998
hgt	1483	1163	2049.0099999999998	1549.5949999999998	1799.3024999999998
spe	1449	1449	1971.49	1971.49	1971.49
spe	1332	1332	1756.9850000000001	1756.9850000000001	1756.9850000000001
hgt	1488	1332	2056.495	1756.9850000000001	1906.74
spe	1087	1087	1471.775	1471.775	1471.775
hgt	1295	1087	1727.3899999999999	1471.775	1599.5825
hgt	1207	GCA.002329495.1.Bacteria.Firmicutes.B	1576.575	0.0	788.2875
spe	1082	1082	1436.52	1436.52	1436.52
spe	1212	1212	1606.5500000000002	1606.5500000000002	1606.5500000000002
hgt	1338	1212	1779.53	1606.5500000000002	1693.04
spe	1292	1292	1708.06	1708.06	1708.06
spe	1003	1003	1365.895	1365.895	1365.895
spe	1172	1172	1523.81	1523.81	1523.81
spe	1423	1423	1907.4450000000002	1907.4450000000002	1907.4450000000002
hgt	1202	GCA.001816385.1.Bacteria.Patescibacteria	1596.085	0.0	798.0425
los	1082	GCF.900176005.1.Bacteria.Firmicutes.B	1436.52	0.0	718.26
hgt	1082	GCF.900176005.1.Bacteria.Firmicutes.B	1436.52	0.0	718.26
los	1212	990	1606.5500000000002	1333.3400000000001	1469.9450000000002
spe	1086	1086	1451.1	1451.1	1451.1
los	1292	1216	1708.06	1607.725	1657.8925
spe	1034	1034	1384.555	1384.555	1384.555
los	1172	GCF.001311905.1.Bacteria.Firmicutes	1523.81	0.0	761.905
spe	1209	1209	1520.8899999999999	1520.8899999999999	1520.8899999999999
spe	1388	1388	1843.3449999999998	1843.3449999999998	1843.3449999999998
spe	1313	1313	1758.85	1758.85	1758.85
hgt	1440	1313	1963.6100000000001	1758.85	1861.23
hgt	1294	GCA.001782075.1.Bacteria.Patescibacteria	1728.815	0.0	864.4075
spe	1119	1119	1514.58	1514.58	1514.58
hgt	1294	1119	1728.815	1514.58	1621.6975
hgt	990	GCF.000620305.1.Bacteria.Firmicutes.B	1333.3400000000001	0.0	666.6700000000001
spe	998	998	1336.995	1336.995	1336.995
los	1034	GCA.001512665.1.Bacteria.Firmicutes.B	1384.555	0.0	692.2775
hgt	1034	GCA.001512665.1.Bacteria.Firmicutes.B	1384.555	0.0	692.2775
spe	1297	1297	1688.26	1688.26	1688.26
los	1388	1350	1843.3449999999998	1785.675	1814.5099999999998
hgt	1217	GCA.002772205.1.Bacteria.Patescibacteria	1603.345	0.0	801.6725
spe	1189	1189	1598.605	1598.605	1598.605
hgt	1134	GCA.000996085.1.Bacteria.Patescibacteria	1508.495	0.0	754.2475
spe	936	936	1261.67	1261.67	1261.67
spe	977	977	1306.4250000000002	1306.4250000000002	1306.4250000000002
hgt	1060	977	1429.6750000000002	1306.4250000000002	1368.0500000000002
spe	897	897	1096.0955	1096.0955	1096.0955
los	1297	1047	1688.26	1373.121	1530.6905000000002
spe	1132	1132	1481.1	1481.1	1481.1
spe	1051	1051	1422.005	1422.005	1422.005
los	936	GCA.002050095.1.Bacteria.Patescibacteria	1261.67	0.0	630.835
hgt	1405	GCA.003247575.1.Bacteria.Myxococcota.A	1824.305	0.0	912.1525
spe	919	919	1185.7715	1185.7715	1185.7715
hgt	969	GCF.002607855.1.Bacteria.Firmicutes.B	1284.875	0.0	642.4375
hgt	969	GCF.000019165.1.Bacteria.Firmicutes.B	1284.875	0.0	642.4375
hgt	1047	GCF.900099895.1.Bacteria.Firmicutes	1373.121	0.0	686.5605
hgt	1047	GCF.001561915.1.Bacteria.Firmicutes	1373.121	0.0	686.5605
los	1132	GCF.001742305.1.Bacteria.Firmicutes	1481.1	0.0	740.55
spe	1095	1095	1426.77	1426.77	1426.77
hgt	1317	1095	1743.2350000000001	1426.77	1585.0025
spe	935	935	1249.35	1249.35	1249.35
los	1051	901	1422.005	1122.912	1272.4585000000002
los	919	883	1185.7715	1034.2525	1110.0120000000002
hgt	1095	GCF.004522215.1.Bacteria.Firmicutes	1426.77	0.0	713.385
hgt	1171	GCF.001618145.1.Bacteria.Firmicutes	1551.145	0.0	775.5725
