event	left node	right node	left date	right date	midpoint date
los	1730	UNSAMPLED	?	0.0	?
los	1730	UNSAMPLED	?	0.0	?
los	1730	UNSAMPLED	?	0.0	?
los	1730	UNSAMPLED	?	0.0	?
hgt	1730	UNSAMPLED	?	0.0	?
hgt	1730	UNSAMPLED	?	0.0	?
hgt	1730	UNSAMPLED	?	0.0	?
hgt	1730	UNSAMPLED	?	0.0	?
spe	1667	1667	2751.94	2751.94	2751.94
hgt	870	GCA.002841105.1.Archaea.Altiarchaeota	790.375	0.0	395.1875
hgt	1415	GCA.001723855.1.Archaea.Altiarchaeota	1919.7450000000001	0.0	959.8725000000001
spe	1548	1548	2176.73	2176.73	2176.73
spe	1661	1661	2705.465	2705.465	2705.465
spe	1418	1418	1886.455	1886.455	1886.455
los	1548	1322	2176.73	1770.9250000000002	1973.8275
spe	1493	1493	2027.525	2027.525	2027.525
spe	1631	1631	2558.825	2558.825	2558.825
los	1418	GCA.001587715.1.Archaea.Methanobacteriota.B	1886.455	0.0	943.2275
hgt	1322	GCA.001515205.2.Archaea.Hadarchaeota	1770.9250000000002	0.0	885.4625000000001
los	1493	GCA.002502135.1.Archaea.Undinarchaeota	2027.525	0.0	1013.7625
spe	1610	1610	2447.115	2447.115	2447.115
spe	1540	1540	2214.8	2214.8	2214.8
hgt	1621	1540	2517.75	2214.8	2366.275
spe	1511	1511	2126.625	2126.625	2126.625
spe	1523	1523	2166.265	2166.265	2166.265
spe	1358	1358	1798.4299999999998	1798.4299999999998	1798.4299999999998
spe	1398	1398	1863.195	1863.195	1863.195
spe	1430	1430	1938.605	1938.605	1938.605
spe	1428	1428	1947.5100000000002	1947.5100000000002	1947.5100000000002
los	1523	GCA.003034855.1.Archaea.Halobacteriota	2166.265	0.0	1083.1325
hgt	1523	GCA.003034855.1.Archaea.Halobacteriota	2166.265	0.0	1083.1325
spe	1447	1447	1969.495	1969.495	1969.495
spe	1176	1176	1577.935	1577.935	1577.935
los	1358	GCA.002254745.1.Archaea.Thermoproteota	1798.4299999999998	0.0	899.2149999999999
los	1398	1127	1863.195	1515.1799999999998	1689.1875
spe	1299	1299	1716.1399999999999	1716.1399999999999	1716.1399999999999
los	1430	1178	1938.605	1580.44	1759.5225
spe	1355	1355	1811.47	1811.47	1811.47
spe	1281	1281	1695.025	1695.025	1695.025
los	1447	1257	1969.495	1616.7	1793.0974999999999
spe	1360	1360	1812.405	1812.405	1812.405
spe	992	992	1356.82	1356.82	1356.82
los	1299	1118	1716.1399999999999	1480.595	1598.3674999999998
hgt	1178	GCA.002011355.1.Archaea.Thermoplasmatota	1580.44	0.0	790.22
los	1355	GCA.002497685.1.Archaea.Thermoplasmatota	1811.47	0.0	905.735
spe	1141	1141	1534.115	1534.115	1534.115
los	1281	GCA.002495185.1.Archaea.Thermoplasmatota	1695.025	0.0	847.5125
spe	1116	1116	1500.29	1500.29	1500.29
hgt	1257	GCF.000194625.1.Archaea.Halobacteriota	1616.7	0.0	808.35
hgt	1257	GCA.002011165.1.Archaea.Halobacteriota	1616.7	0.0	808.35
spe	1055	1055	1412.42	1412.42	1412.42
spe	1256	1256	1663.625	1663.625	1663.625
los	992	GCF.000092185.1.Archaea.Thermoproteota	1356.82	0.0	678.41
hgt	973	GCA.001595945.1.Archaea.Thermoplasmatota	1320.27	0.0	660.135
spe	950	950	1276.4450000000002	1276.4450000000002	1276.4450000000002
spe	938	938	1261.09	1261.09	1261.09
spe	1015	1015	1371.3049999999998	1371.3049999999998	1371.3049999999998
spe	1143	1143	1542.125	1542.125	1542.125
los	950	GCA.002011395.1.Archaea.Thermoplasmatota	1276.4450000000002	0.0	638.2225000000001
los	1015	GCF.002114285.1.Archaea.Halobacteriota	1371.3049999999998	0.0	685.6524999999999
spe	1013	1013	1366.345	1366.345	1366.345
spe	911	911	1169.1970000000001	1169.1970000000001	1169.1970000000001
hgt	892	GCA.003162395.1.Bacteria.Actinobacteriota	1082.515	0.0	541.2575
