event	left node	right node	left date	right date	midpoint date
los	1730	UNSAMPLED	?	0.0	?
los	1730	UNSAMPLED	?	0.0	?
los	1730	UNSAMPLED	?	0.0	?
hgt	1730	UNSAMPLED	?	0.0	?
hgt	1730	UNSAMPLED	?	0.0	?
hgt	1730	UNSAMPLED	?	0.0	?
spe	1716	1716	3318.57	3318.57	3318.57
hgt	1716	GCA.001889985.1.Archaea.Micrarchaeota	3318.57	0.0	1659.285
spe	1711	1711	3274.245	3274.245	3274.245
spe	1699	1699	3029.29	3029.29	3029.29
spe	1705	1705	3153.6549999999997	3153.6549999999997	3153.6549999999997
los	1699	1649	3029.29	2610.45	2819.87
spe	1675	1675	2804.24	2804.24	2804.24
los	1705	1609	3153.6549999999997	2402.345	2778.0
spe	1690	1690	2975.2349999999997	2975.2349999999997	2975.2349999999997
spe	1462	1462	1993.08	1993.08	1993.08
spe	1635	1635	2577.46	2577.46	2577.46
spe	1667	1667	2751.94	2751.94	2751.94
spe	1671	1671	2798.9	2798.9	2798.9
hgt	1557	GCA.002254415.1.Archaea.EX4484.52	2237.125	0.0	1118.5625
spe	1519	1519	2133.415	2133.415	2133.415
spe	1564	1564	2296.265	2296.265	2296.265
spe	1072	1072	1492.545	1492.545	1492.545
hgt	1415	1072	1919.7450000000001	1492.545	1706.145
spe	1548	1548	2176.73	2176.73	2176.73
spe	1661	1661	2705.465	2705.465	2705.465
spe	1640	1640	2626.73	2626.73	2626.73
spe	1645	1645	2653.5150000000003	2653.5150000000003	2653.5150000000003
spe	1296	1296	1724.445	1724.445	1724.445
los	1564	1323	2296.265	1758.165	2027.215
spe	1442	1442	1962.0149999999999	1962.0149999999999	1962.0149999999999
spe	1418	1418	1886.455	1886.455	1886.455
spe	1322	1322	1770.9250000000002	1770.9250000000002	1770.9250000000002
spe	1493	1493	2027.525	2027.525	2027.525
spe	1631	1631	2558.825	2558.825	2558.825
los	1640	GCF.000019605.1.Archaea.Thermoproteota	2626.73	0.0	1313.365
spe	1621	1621	2517.75	2517.75	2517.75
spe	1424	1424	1902.65	1902.65	1902.65
spe	1622	1622	2527.615	2527.615	2527.615
hgt	1323	GCA.002497285.1.Archaea.Nanoarchaeota	1758.165	0.0	879.0825
los	1418	GCA.001587715.1.Archaea.Methanobacteriota.B	1886.455	0.0	943.2275
los	1322	GCA.001515205.2.Archaea.Hadarchaeota	1770.9250000000002	0.0	885.4625000000001
hgt	1322	GCA.001515205.2.Archaea.Hadarchaeota	1770.9250000000002	0.0	885.4625000000001
los	1493	GCA.003230355.1.Archaea.Hydrothermarchaeota	2027.525	0.0	1013.7625
los	1631	GCF.000025525.1.Archaea.Methanobacteriota.A	2558.825	0.0	1279.4125
spe	1610	1610	2447.115	2447.115	2447.115
los	1621	1540	2517.75	2214.8	2366.275
spe	1588	1588	2383.6549999999997	2383.6549999999997	2383.6549999999997
los	1424	GCA.001563325.1.Archaea.Asgardarchaeota	1902.65	0.0	951.325
spe	1606	1606	2445.1400000000003	2445.1400000000003	2445.1400000000003
spe	1511	1511	2126.625	2126.625	2126.625
spe	1523	1523	2166.265	2166.265	2166.265
spe	1509	1509	2123.145	2123.145	2123.145
los	1588	1524	2383.6549999999997	2168.41	2276.0325
spe	1518	1518	2127.23	2127.23	2127.23
los	1606	1354	2445.1400000000003	1813.355	2129.2475000000004
los	1511	1430	2126.625	1938.605	2032.615
spe	1428	1428	1947.5100000000002	1947.5100000000002	1947.5100000000002
los	1523	GCA.003034855.1.Archaea.Halobacteriota	2166.265	0.0	1083.1325
spe	1447	1447	1969.495	1969.495	1969.495
spe	1461	1461	1998.805	1998.805	1998.805
los	1518	1187	2127.23	1579.1	1853.165
spe	1103	1103	1481.835	1481.835	1481.835
spe	1355	1355	1811.47	1811.47	1811.47
spe	1281	1281	1695.025	1695.025	1695.025
spe	1257	1257	1616.7	1616.7	1616.7
spe	1360	1360	1812.405	1812.405	1812.405
spe	1274	1274	1643.05	1643.05	1643.05
los	1461	1385	1998.805	1853.335	1926.0700000000002
los	1103	GCA.003144275.1.Archaea.Asgardarchaeota	1481.835	0.0	740.9175
spe	973	973	1320.27	1320.27	1320.27
hgt	1178	973	1580.44	1320.27	1450.355
spe	1141	1141	1534.115	1534.115	1534.115
spe	1116	1116	1500.29	1500.29	1500.29
spe	1055	1055	1412.42	1412.42	1412.42
spe	1256	1256	1663.625	1663.625	1663.625
hgt	1274	GCA.002255025.1.Archaea.Thermoproteota	1643.05	0.0	821.525
spe	1057	1057	1422.225	1422.225	1422.225
hgt	1385	1057	1853.335	1422.225	1637.78
los	1141	950	1534.115	1276.4450000000002	1405.2800000000002
spe	938	938	1261.09	1261.09	1261.09
los	1116	GCA.001421185.1.Archaea.Thermoplasmatota	1500.29	0.0	750.145
spe	1015	1015	1371.3049999999998	1371.3049999999998	1371.3049999999998
spe	1143	1143	1542.125	1542.125	1542.125
los	1015	GCA.003158275.1.Archaea.Halobacteriota	1371.3049999999998	0.0	685.6524999999999
spe	1013	1013	1366.345	1366.345	1366.345
hgt	903	GCA.001593875.1.Archaea.Thermoproteota	1108.5584999999999	0.0	554.2792499999999
hgt	875	GCA.002011085.1.Archaea.Thermoproteota	925.9285	0.0	462.96425
los	1013	911	1366.345	1169.1970000000001	1267.7710000000002
