event	left node	right node	left date	right date	midpoint date
los	1730	UNSAMPLED	?	0.0	?
los	1730	UNSAMPLED	?	0.0	?
los	1730	UNSAMPLED	?	0.0	?
los	1730	UNSAMPLED	?	0.0	?
los	1730	UNSAMPLED	?	0.0	?
hgt	1730	UNSAMPLED	?	0.0	?
hgt	1730	UNSAMPLED	?	0.0	?
hgt	1730	UNSAMPLED	?	0.0	?
hgt	1730	UNSAMPLED	?	0.0	?
spe	1690	1690	2975.2349999999997	2975.2349999999997	2975.2349999999997
spe	1667	1667	2751.94	2751.94	2751.94
spe	1671	1671	2798.9	2798.9	2798.9
spe	1548	1548	2176.73	2176.73	2176.73
los	1667	1661	2751.94	2705.465	2728.7025000000003
spe	1640	1640	2626.73	2626.73	2626.73
spe	1645	1645	2653.5150000000003	2653.5150000000003	2653.5150000000003
spe	1418	1418	1886.455	1886.455	1886.455
spe	1322	1322	1770.9250000000002	1770.9250000000002	1770.9250000000002
hgt	1548	1322	2176.73	1770.9250000000002	1973.8275
los	1640	GCF.000019605.1.Archaea.Thermoproteota	2626.73	0.0	1313.365
hgt	1640	GCF.000019605.1.Archaea.Thermoproteota	2626.73	0.0	1313.365
spe	1621	1621	2517.75	2517.75	2517.75
spe	1424	1424	1902.65	1902.65	1902.65
spe	1622	1622	2527.615	2527.615	2527.615
los	1418	GCA.001587715.1.Archaea.Methanobacteriota.B	1886.455	0.0	943.2275
hgt	1631	GCF.000025525.1.Archaea.Methanobacteriota.A	2558.825	0.0	1279.4125
spe	1540	1540	2214.8	2214.8	2214.8
los	1621	1588	2517.75	2383.6549999999997	2450.7025
los	1424	GCA.001563325.1.Archaea.Asgardarchaeota	1902.65	0.0	951.325
hgt	1424	GCA.001563325.1.Archaea.Asgardarchaeota	1902.65	0.0	951.325
hgt	1424	GCA.001563325.1.Archaea.Asgardarchaeota	1902.65	0.0	951.325
los	1622	1606	2527.615	2445.1400000000003	2486.3775
spe	1511	1511	2126.625	2126.625	2126.625
hgt	1610	1511	2447.115	2126.625	2286.87
spe	1358	1358	1798.4299999999998	1798.4299999999998	1798.4299999999998
los	1540	1398	2214.8	1863.195	2038.9975
spe	1430	1430	1938.605	1938.605	1938.605
spe	1428	1428	1947.5100000000002	1947.5100000000002	1947.5100000000002
spe	1176	1176	1577.935	1577.935	1577.935
hgt	1358	GCA.002254745.1.Archaea.Thermoproteota	1798.4299999999998	0.0	899.2149999999999
hgt	1398	GCF.000148385.1.Archaea.Thermoproteota	1863.195	0.0	931.5975
hgt	1524	GCA.002255045.1.Archaea.Thermoproteota	2168.41	0.0	1084.205
spe	1103	1103	1481.835	1481.835	1481.835
hgt	1518	1103	2127.23	1481.835	1804.5325
hgt	1354	GCA.000002435.2.Eukaryota.Fornicata	1813.355	0.0	906.6775
spe	1299	1299	1716.1399999999999	1716.1399999999999	1716.1399999999999
spe	1178	1178	1580.44	1580.44	1580.44
spe	1355	1355	1811.47	1811.47	1811.47
los	1428	1281	1947.5100000000002	1695.025	1821.2675000000002
spe	992	992	1356.82	1356.82	1356.82
hgt	1127	GCA.001717025.1.Archaea.Thermoproteota	1515.1799999999998	0.0	757.5899999999999
spe	1274	1274	1643.05	1643.05	1643.05
hgt	1461	1274	1998.805	1643.05	1820.9275
dup	1103	GCA.001940645.1.Archaea.Asgardarchaeota	1481.835	0.0	740.9175
hgt	1231	GCA.000189635.1.Eukaryota.Ciliophora	1645.2649999999999	0.0	822.6324999999999
spe	1091	1091	1475.775	1475.775	1475.775
hgt	1231	1091	1645.2649999999999	1475.775	1560.52
los	1299	1118	1716.1399999999999	1480.595	1598.3674999999998
los	1178	GCA.002011355.1.Archaea.Thermoplasmatota	1580.44	0.0	790.22
spe	973	973	1320.27	1320.27	1320.27
los	1355	GCA.002497685.1.Archaea.Thermoplasmatota	1811.47	0.0	905.735
spe	1141	1141	1534.115	1534.115	1534.115
hgt	1257	GCF.000194625.1.Archaea.Halobacteriota	1616.7	0.0	808.35
hgt	992	GCF.001481685.1.Archaea.Thermoproteota	1356.82	0.0	678.41
hgt	1274	GCA.001593865.1.Archaea.Thermoproteota	1643.05	0.0	821.525
spe	1249	1249	1643.645	1643.645	1643.645
hgt	1361	1249	1807.5249999999999	1643.645	1725.585
spe	927	927	1215.125	1215.125	1215.125
spe	1020	1020	1389.275	1389.275	1389.275
spe	950	950	1276.4450000000002	1276.4450000000002	1276.4450000000002
hgt	1116	GCA.001421185.1.Archaea.Thermoplasmatota	1500.29	0.0	750.145
spe	903	903	1108.5584999999999	1108.5584999999999	1108.5584999999999
hgt	1240	903	1643.115	1108.5584999999999	1375.83675
spe	875	875	925.9285	925.9285	925.9285
hgt	1249	875	1643.645	925.9285	1284.78675
hgt	1249	GCA.001510295.1.Archaea.Thermoproteota	1643.645	0.0	821.8225
hgt	1115	GCA.002506605.1.Archaea.Thermoproteota	1484.13	0.0	742.065
los	927	GCF.000165345.1.Eukaryota.Apicocomplexa	1215.125	0.0	607.5625
hgt	927	GCF.000165345.1.Eukaryota.Apicocomplexa	1215.125	0.0	607.5625
spe	943	943	1269.475	1269.475	1269.475
spe	923	923	1219.565	1219.565	1219.565
spe	888	888	1084.09	1084.09	1084.09
spe	876	876	946.8465	946.8465	946.8465
spe	869	869	694.719	694.719	694.719
los	869	GCA.000002865.1.Eukaryota.Choanoflagellata	694.719	0.0	347.3595
