event	left node	right node	left date	right date	midpoint date
los	1730	UNSAMPLED	?	0.0	?
los	1730	UNSAMPLED	?	0.0	?
los	1730	UNSAMPLED	?	0.0	?
los	1730	UNSAMPLED	?	0.0	?
los	1730	UNSAMPLED	?	0.0	?
los	1730	UNSAMPLED	?	0.0	?
los	1730	UNSAMPLED	?	0.0	?
los	1730	UNSAMPLED	?	0.0	?
los	1730	UNSAMPLED	?	0.0	?
los	1730	UNSAMPLED	?	0.0	?
hgt	1730	UNSAMPLED	?	0.0	?
hgt	1730	UNSAMPLED	?	0.0	?
hgt	1730	UNSAMPLED	?	0.0	?
hgt	1730	UNSAMPLED	?	0.0	?
hgt	1730	UNSAMPLED	?	0.0	?
hgt	1730	UNSAMPLED	?	0.0	?
hgt	1730	UNSAMPLED	?	0.0	?
hgt	1730	UNSAMPLED	?	0.0	?
hgt	1730	UNSAMPLED	?	0.0	?
spe	1690	1690	2975.2349999999997	2975.2349999999997	2975.2349999999997
hgt	1649	GCA.002789635.1.Archaea.Aenigmatarchaeota	2610.45	0.0	1305.225
spe	1557	1557	2237.125	2237.125	2237.125
hgt	1649	1557	2610.45	2237.125	2423.7875
spe	1667	1667	2751.94	2751.94	2751.94
spe	1671	1671	2798.9	2798.9	2798.9
spe	1548	1548	2176.73	2176.73	2176.73
spe	1661	1661	2705.465	2705.465	2705.465
spe	1640	1640	2626.73	2626.73	2626.73
spe	1645	1645	2653.5150000000003	2653.5150000000003	2653.5150000000003
spe	1323	1323	1758.165	1758.165	1758.165
hgt	1564	1323	2296.265	1758.165	2027.215
spe	1442	1442	1962.0149999999999	1962.0149999999999	1962.0149999999999
hgt	1564	1442	2296.265	1962.0149999999999	2129.14
spe	1418	1418	1886.455	1886.455	1886.455
los	1548	1322	2176.73	1770.9250000000002	1973.8275
spe	1322	1322	1770.9250000000002	1770.9250000000002	1770.9250000000002
hgt	1548	1322	2176.73	1770.9250000000002	1973.8275
spe	1493	1493	2027.525	2027.525	2027.525
spe	1631	1631	2558.825	2558.825	2558.825
hgt	1640	GCF.000019605.1.Archaea.Thermoproteota	2626.73	0.0	1313.365
spe	1621	1621	2517.75	2517.75	2517.75
spe	1424	1424	1902.65	1902.65	1902.65
spe	1622	1622	2527.615	2527.615	2527.615
hgt	1296	GCA.002779595.1.Archaea.Nanoarchaeota	1724.445	0.0	862.2225
dup	1296	GCA.002763265.1.Archaea.Nanoarchaeota	1724.445	0.0	862.2225
hgt	1296	GCA.002763265.1.Archaea.Nanoarchaeota	1724.445	0.0	862.2225
los	1418	GCF.002201895.1.Archaea.Euryarchaeota	1886.455	0.0	943.2275
los	1493	GCA.002502135.1.Archaea.Undinarchaeota	2027.525	0.0	1013.7625
hgt	1493	GCA.002502135.1.Archaea.Undinarchaeota	2027.525	0.0	1013.7625
spe	1610	1610	2447.115	2447.115	2447.115
los	1621	1540	2517.75	2214.8	2366.275
spe	1540	1540	2214.8	2214.8	2214.8
hgt	1621	1540	2517.75	2214.8	2366.275
spe	1588	1588	2383.6549999999997	2383.6549999999997	2383.6549999999997
hgt	1424	GCA.001940655.1.Archaea.Asgardarchaeota	1902.65	0.0	951.325
spe	1606	1606	2445.1400000000003	2445.1400000000003	2445.1400000000003
spe	1511	1511	2126.625	2126.625	2126.625
spe	1523	1523	2166.265	2166.265	2166.265
spe	1358	1358	1798.4299999999998	1798.4299999999998	1798.4299999999998
spe	1358	1358	1798.4299999999998	1798.4299999999998	1798.4299999999998
hgt	1540	1358	2214.8	1798.4299999999998	2006.615
spe	1398	1398	1863.195	1863.195	1863.195
hgt	1540	1398	2214.8	1863.195	2038.9975
spe	1509	1509	2123.145	2123.145	2123.145
spe	1524	1524	2168.41	2168.41	2168.41
spe	1518	1518	2127.23	2127.23	2127.23
spe	1518	1518	2127.23	2127.23	2127.23
hgt	1606	1518	2445.1400000000003	2127.23	2286.1850000000004
spe	1354	1354	1813.355	1813.355	1813.355
hgt	1290	GCA.001464165.1.Bacteria.Cyanobacteria	1748.0500000000002	0.0	874.0250000000001
spe	1430	1430	1938.605	1938.605	1938.605
spe	1428	1428	1947.5100000000002	1947.5100000000002	1947.5100000000002
spe	1447	1447	1969.495	1969.495	1969.495
spe	1176	1176	1577.935	1577.935	1577.935
spe	1176	1176	1577.935	1577.935	1577.935
los	1398	GCF.000148385.1.Archaea.Thermoproteota	1863.195	0.0	931.5975
hgt	1398	GCF.000148385.1.Archaea.Thermoproteota	1863.195	0.0	931.5975
spe	1127	1127	1515.1799999999998	1515.1799999999998	1515.1799999999998
los	1509	GCA.002495485.1.Archaea.Thermoproteota	2123.145	0.0	1061.5725
spe	1461	1461	1998.805	1998.805	1998.805
los	1524	GCA.002255045.1.Archaea.Thermoproteota	2168.41	0.0	1084.205
hgt	1524	GCA.002255045.1.Archaea.Thermoproteota	2168.41	0.0	1084.205
spe	1474	1474	2026.55	2026.55	2026.55
los	1518	1187	2127.23	1579.1	1853.165
spe	1187	1187	1579.1	1579.1	1579.1
spe	1103	1103	1481.835	1481.835	1481.835
spe	1103	1103	1481.835	1481.835	1481.835
spe	1231	1231	1645.2649999999999	1645.2649999999999	1645.2649999999999
spe	1231	1231	1645.2649999999999	1645.2649999999999	1645.2649999999999
hgt	1354	1231	1813.355	1645.2649999999999	1729.31
hgt	1354	GCA.000002435.2.Eukaryota.Fornicata	1813.355	0.0	906.6775
hgt	1354	GCA.000002435.2.Eukaryota.Fornicata	1813.355	0.0	906.6775
spe	1299	1299	1716.1399999999999	1716.1399999999999	1716.1399999999999
spe	1178	1178	1580.44	1580.44	1580.44
spe	1355	1355	1811.47	1811.47	1811.47
spe	1281	1281	1695.025	1695.025	1695.025
spe	1257	1257	1616.7	1616.7	1616.7
spe	1360	1360	1812.405	1812.405	1812.405
los	1176	992	1577.935	1356.82	1467.3775
spe	992	992	1356.82	1356.82	1356.82
los	1127	GCA.003019535.1.Archaea.Thermoproteota	1515.1799999999998	0.0	757.5899999999999
hgt	1127	GCA.001717025.1.Archaea.Thermoproteota	1515.1799999999998	0.0	757.5899999999999
spe	1274	1274	1643.05	1643.05	1643.05
spe	1385	1385	1853.335	1853.335	1853.335
spe	1361	1361	1807.5249999999999	1807.5249999999999	1807.5249999999999
los	1474	GCA.000375685.1.Archaea.Thermoproteota	2026.55	0.0	1013.275
los	1103	GCA.003144275.1.Archaea.Asgardarchaeota	1481.835	0.0	740.9175
los	1103	GCA.001940645.1.Archaea.Asgardarchaeota	1481.835	0.0	740.9175
dup	1231	1091	1645.2649999999999	1475.775	1560.52
spe	1091	1091	1475.775	1475.775	1475.775
spe	1091	1091	1475.775	1475.775	1475.775
spe	1091	1091	1475.775	1475.775	1475.775
los	1299	1118	1716.1399999999999	1480.595	1598.3674999999998
spe	973	973	1320.27	1320.27	1320.27
los	1355	GCA.002497685.1.Archaea.Thermoplasmatota	1811.47	0.0	905.735
spe	1141	1141	1534.115	1534.115	1534.115
spe	1116	1116	1500.29	1500.29	1500.29
spe	1055	1055	1412.42	1412.42	1412.42
spe	1256	1256	1663.625	1663.625	1663.625
hgt	992	GCF.000092185.1.Archaea.Thermoproteota	1356.82	0.0	678.41
spe	1240	1240	1643.115	1643.115	1643.115
spe	1057	1057	1422.225	1422.225	1422.225
spe	1249	1249	1643.645	1643.645	1643.645
spe	1115	1115	1484.13	1484.13	1484.13
los	1091	927	1475.775	1215.125	1345.45
spe	927	927	1215.125	1215.125	1215.125
spe	927	927	1215.125	1215.125	1215.125
spe	1020	1020	1389.275	1389.275	1389.275
spe	1020	1020	1389.275	1389.275	1389.275
spe	1020	1020	1389.275	1389.275	1389.275
hgt	1118	GCA.002495235.1.Archaea.Thermoplasmatota	1480.595	0.0	740.2975
los	973	GCA.002502685.1.Archaea.Thermoplasmatota	1320.27	0.0	660.135
spe	950	950	1276.4450000000002	1276.4450000000002	1276.4450000000002
los	1116	938	1500.29	1261.09	1380.69
los	1055	GCA.003194435.1.Archaea.Halobacteriota	1412.42	0.0	706.21
spe	1015	1015	1371.3049999999998	1371.3049999999998	1371.3049999999998
spe	1143	1143	1542.125	1542.125	1542.125
spe	903	903	1108.5584999999999	1108.5584999999999	1108.5584999999999
los	1057	GCA.001273335.1.Archaea.Thermoproteota	1422.225	0.0	711.1125
hgt	1057	GCA.001273335.1.Archaea.Thermoproteota	1422.225	0.0	711.1125
spe	875	875	925.9285	925.9285	925.9285
los	1249	GCA.001510295.1.Archaea.Thermoproteota	1643.645	0.0	821.8225
los	1115	GCA.000405685.1.Archaea.Thermoproteota	1484.13	0.0	742.065
los	927	GCF.000165345.1.Eukaryota.Apicocomplexa	1215.125	0.0	607.5625
los	1020	943	1389.275	1269.475	1329.375
spe	943	943	1269.475	1269.475	1269.475
spe	943	943	1269.475	1269.475	1269.475
spe	923	923	1219.565	1219.565	1219.565
spe	923	923	1219.565	1219.565	1219.565
spe	923	923	1219.565	1219.565	1219.565
los	950	GCA.002011395.1.Archaea.Thermoplasmatota	1276.4450000000002	0.0	638.2225000000001
dup	1015	GCF.002114285.1.Archaea.Halobacteriota	1371.3049999999998	0.0	685.6524999999999
los	1015	GCF.002114285.1.Archaea.Halobacteriota	1371.3049999999998	0.0	685.6524999999999
hgt	1015	GCF.002114285.1.Archaea.Halobacteriota	1371.3049999999998	0.0	685.6524999999999
hgt	1015	GCF.002114285.1.Archaea.Halobacteriota	1371.3049999999998	0.0	685.6524999999999
spe	1013	1013	1366.345	1366.345	1366.345
los	943	GCA.015473125.1.Eukaryota.Viridiplantae	1269.475	0.0	634.7375
spe	888	888	1084.09	1084.09	1084.09
spe	888	888	1084.09	1084.09	1084.09
los	923	GCA.000004985.1.Eukaryota.Heterolobosea	1219.565	0.0	609.7825
spe	876	876	946.8465	946.8465	946.8465
spe	876	876	946.8465	946.8465	946.8465
spe	876	876	946.8465	946.8465	946.8465
spe	911	911	1169.1970000000001	1169.1970000000001	1169.1970000000001
los	1013	GCA.001412335.1.Archaea.Halobacteriota	1366.345	0.0	683.1725
hgt	1013	GCA.001412335.1.Archaea.Halobacteriota	1366.345	0.0	683.1725
los	888	GCF.000091205.1.Eukaryota.Rhodophyta	1084.09	0.0	542.045
hgt	888	GCF.000091205.1.Eukaryota.Rhodophyta	1084.09	0.0	542.045
hgt	888	GCF.000091205.1.Eukaryota.Rhodophyta	1084.09	0.0	542.045
los	888	GCA.002049455.2.Eukaryota.Rhodophyta	1084.09	0.0	542.045
hgt	888	GCA.002049455.2.Eukaryota.Rhodophyta	1084.09	0.0	542.045
los	876	GCA.000209225.1.Eukaryota.Cnidaria	946.8465	0.0	473.42325
los	876	869	946.8465	694.719	820.7827500000001
los	876	869	946.8465	694.719	820.7827500000001
spe	869	869	694.719	694.719	694.719
spe	869	869	694.719	694.719	694.719
hgt	876	869	946.8465	694.719	820.7827500000001
los	911	GCF.000011005.1.Archaea.Euryarchaeota	1169.1970000000001	0.0	584.5985000000001
hgt	911	GCF.000011005.1.Archaea.Euryarchaeota	1169.1970000000001	0.0	584.5985000000001
hgt	1031	GCF.000737335.2.Bacteria.Proteobacteria	1377.535	0.0	688.7675
