event	left node	right node	left date	right date	midpoint date
los	1730	UNSAMPLED	?	0.0	?
los	1730	UNSAMPLED	?	0.0	?
los	1730	UNSAMPLED	?	0.0	?
los	1730	UNSAMPLED	?	0.0	?
los	1730	UNSAMPLED	?	0.0	?
los	1730	UNSAMPLED	?	0.0	?
los	1730	UNSAMPLED	?	0.0	?
los	1730	UNSAMPLED	?	0.0	?
los	1730	UNSAMPLED	?	0.0	?
hgt	1730	UNSAMPLED	?	0.0	?
hgt	1730	UNSAMPLED	?	0.0	?
hgt	1730	UNSAMPLED	?	0.0	?
hgt	1730	UNSAMPLED	?	0.0	?
hgt	1730	UNSAMPLED	?	0.0	?
hgt	1730	UNSAMPLED	?	0.0	?
hgt	1730	UNSAMPLED	?	0.0	?
hgt	1730	UNSAMPLED	?	0.0	?
hgt	1730	UNSAMPLED	?	0.0	?
spe	1716	1716	3318.57	3318.57	3318.57
spe	1711	1711	3274.245	3274.245	3274.245
spe	1699	1699	3029.29	3029.29	3029.29
spe	1705	1705	3153.6549999999997	3153.6549999999997	3153.6549999999997
spe	1649	1649	2610.45	2610.45	2610.45
spe	1675	1675	2804.24	2804.24	2804.24
los	1705	1609	3153.6549999999997	2402.345	2778.0
spe	1690	1690	2975.2349999999997	2975.2349999999997	2975.2349999999997
spe	1557	1557	2237.125	2237.125	2237.125
spe	1462	1462	1993.08	1993.08	1993.08
los	1675	1635	2804.24	2577.46	2690.85
hgt	1675	1635	2804.24	2577.46	2690.85
spe	1667	1667	2751.94	2751.94	2751.94
spe	1671	1671	2798.9	2798.9	2798.9
los	1557	GCA.002254415.1.Archaea.EX4484.52	2237.125	0.0	1118.5625
hgt	1557	GCA.002254415.1.Archaea.EX4484.52	2237.125	0.0	1118.5625
spe	1519	1519	2133.415	2133.415	2133.415
hgt	1635	1519	2577.46	2133.415	2355.4375
hgt	870	GCA.002083985.1.Archaea.Altiarchaeota	790.375	0.0	395.1875
spe	1072	1072	1492.545	1492.545	1492.545
hgt	1415	1072	1919.7450000000001	1492.545	1706.145
spe	1548	1548	2176.73	2176.73	2176.73
los	1667	1661	2751.94	2705.465	2728.7025000000003
spe	1661	1661	2705.465	2705.465	2705.465
hgt	1667	1661	2751.94	2705.465	2728.7025000000003
spe	1640	1640	2626.73	2626.73	2626.73
spe	1645	1645	2653.5150000000003	2653.5150000000003	2653.5150000000003
spe	1296	1296	1724.445	1724.445	1724.445
hgt	1519	GCA.002412085.1.Archaea.Nanoarchaeota	2133.415	0.0	1066.7075
spe	1418	1418	1886.455	1886.455	1886.455
spe	1322	1322	1770.9250000000002	1770.9250000000002	1770.9250000000002
spe	1493	1493	2027.525	2027.525	2027.525
spe	1631	1631	2558.825	2558.825	2558.825
los	1640	GCF.000019605.1.Archaea.Thermoproteota	2626.73	0.0	1313.365
hgt	1640	GCF.000019605.1.Archaea.Thermoproteota	2626.73	0.0	1313.365
spe	1621	1621	2517.75	2517.75	2517.75
los	1645	1424	2653.5150000000003	1902.65	2278.0825000000004
spe	1622	1622	2527.615	2527.615	2527.615
hgt	1323	GCA.002505525.1.Archaea.Nanoarchaeota	1758.165	0.0	879.0825
hgt	1323	GCA.002497285.1.Archaea.Nanoarchaeota	1758.165	0.0	879.0825
hgt	1442	GCA.002789275.1.Archaea.Huberarchaeota	1962.0149999999999	0.0	981.0074999999999
hgt	1442	GCA.000387965.1.Archaea.Nanoarchaeota	1962.0149999999999	0.0	981.0074999999999
hgt	1418	GCF.002201895.1.Archaea.Euryarchaeota	1886.455	0.0	943.2275
los	1322	GCF.002214485.1.Archaea.Methanobacteriota.B	1770.9250000000002	0.0	885.4625000000001
hgt	1322	GCF.002214485.1.Archaea.Methanobacteriota.B	1770.9250000000002	0.0	885.4625000000001
hgt	1322	GCF.002214485.1.Archaea.Methanobacteriota.B	1770.9250000000002	0.0	885.4625000000001
los	1493	GCA.003230355.1.Archaea.Hydrothermarchaeota	2027.525	0.0	1013.7625
los	1631	1610	2558.825	2447.115	2502.97
spe	1540	1540	2214.8	2214.8	2214.8
spe	1588	1588	2383.6549999999997	2383.6549999999997	2383.6549999999997
hgt	1424	GCA.001563325.1.Archaea.Asgardarchaeota	1902.65	0.0	951.325
spe	1606	1606	2445.1400000000003	2445.1400000000003	2445.1400000000003
spe	1358	1358	1798.4299999999998	1798.4299999999998	1798.4299999999998
spe	1398	1398	1863.195	1863.195	1863.195
spe	1509	1509	2123.145	2123.145	2123.145
spe	1524	1524	2168.41	2168.41	2168.41
spe	1518	1518	2127.23	2127.23	2127.23
los	1606	1354	2445.1400000000003	1813.355	2129.2475000000004
spe	1176	1176	1577.935	1577.935	1577.935
los	1398	1127	1863.195	1515.1799999999998	1689.1875
los	1509	GCA.002495485.1.Archaea.Thermoproteota	2123.145	0.0	1061.5725
spe	1461	1461	1998.805	1998.805	1998.805
spe	1461	1461	1998.805	1998.805	1998.805
hgt	1509	1461	2123.145	1998.805	2060.975
hgt	1524	GCA.002255045.1.Archaea.Thermoproteota	2168.41	0.0	1084.205
spe	1474	1474	2026.55	2026.55	2026.55
spe	1187	1187	1579.1	1579.1	1579.1
spe	1103	1103	1481.835	1481.835	1481.835
spe	1257	1257	1616.7	1616.7	1616.7
hgt	1447	1257	1969.495	1616.7	1793.0974999999999
spe	992	992	1356.82	1356.82	1356.82
hgt	1127	GCA.003019535.1.Archaea.Thermoproteota	1515.1799999999998	0.0	757.5899999999999
hgt	1127	GCA.001717025.1.Archaea.Thermoproteota	1515.1799999999998	0.0	757.5899999999999
los	1461	1274	1998.805	1643.05	1820.9275
spe	1274	1274	1643.05	1643.05	1643.05
spe	1385	1385	1853.335	1853.335	1853.335
spe	1385	1385	1853.335	1853.335	1853.335
spe	1361	1361	1807.5249999999999	1807.5249999999999	1807.5249999999999
los	1474	GCA.000375685.1.Archaea.Thermoproteota	2026.55	0.0	1013.275
dup	1187	GCA.001940725.1.Archaea.Asgardarchaeota	1579.1	0.0	789.55
hgt	1178	GCA.002011355.1.Archaea.Thermoplasmatota	1580.44	0.0	790.22
hgt	992	GCF.000092185.1.Archaea.Thermoproteota	1356.82	0.0	678.41
spe	1240	1240	1643.115	1643.115	1643.115
spe	1240	1240	1643.115	1643.115	1643.115
los	1385	1057	1853.335	1422.225	1637.78
spe	1057	1057	1422.225	1422.225	1422.225
spe	1249	1249	1643.645	1643.645	1643.645
spe	1115	1115	1484.13	1484.13	1484.13
spe	1020	1020	1389.275	1389.275	1389.275
hgt	1091	1020	1475.775	1389.275	1432.525
los	1240	903	1643.115	1108.5584999999999	1375.83675
spe	903	903	1108.5584999999999	1108.5584999999999	1108.5584999999999
los	1240	GCA.001593855.1.Archaea.Thermoproteota	1643.115	0.0	821.5575
los	1249	875	1643.645	925.9285	1284.78675
spe	875	875	925.9285	925.9285	925.9285
hgt	1249	875	1643.645	925.9285	1284.78675
los	1115	GCA.000405685.1.Archaea.Thermoproteota	1484.13	0.0	742.065
hgt	927	GCF.000165345.1.Eukaryota.Apicocomplexa	1215.125	0.0	607.5625
spe	943	943	1269.475	1269.475	1269.475
spe	923	923	1219.565	1219.565	1219.565
los	943	GCA.015473125.1.Eukaryota.Viridiplantae	1269.475	0.0	634.7375
spe	888	888	1084.09	1084.09	1084.09
spe	876	876	946.8465	946.8465	946.8465
spe	876	876	946.8465	946.8465	946.8465
hgt	923	876	1219.565	946.8465	1083.20575
hgt	888	GCF.000091205.1.Eukaryota.Rhodophyta	1084.09	0.0	542.045
spe	869	869	694.719	694.719	694.719
spe	869	869	694.719	694.719	694.719
los	869	GCA.000188695.1.Eukaryota.Choanoflagellata	694.719	0.0	347.3595
los	869	GCA.000002865.1.Eukaryota.Choanoflagellata	694.719	0.0	347.3595
