event	left node	right node	left date	right date	midpoint date
dup	1730	UNSAMPLED	?	0.0	?
los	1730	UNSAMPLED	?	0.0	?
los	1730	UNSAMPLED	?	0.0	?
los	1730	UNSAMPLED	?	0.0	?
los	1730	UNSAMPLED	?	0.0	?
los	1730	UNSAMPLED	?	0.0	?
los	1730	UNSAMPLED	?	0.0	?
los	1730	UNSAMPLED	?	0.0	?
hgt	1730	UNSAMPLED	?	0.0	?
hgt	1730	UNSAMPLED	?	0.0	?
hgt	1730	UNSAMPLED	?	0.0	?
hgt	1730	UNSAMPLED	?	0.0	?
hgt	1730	UNSAMPLED	?	0.0	?
hgt	1716	GCA.001889985.1.Archaea.Micrarchaeota	3318.57	0.0	1659.285
spe	1711	1711	3274.245	3274.245	3274.245
spe	1699	1699	3029.29	3029.29	3029.29
spe	1705	1705	3153.6549999999997	3153.6549999999997	3153.6549999999997
spe	1649	1649	2610.45	2610.45	2610.45
spe	1675	1675	2804.24	2804.24	2804.24
spe	1609	1609	2402.345	2402.345	2402.345
spe	1690	1690	2975.2349999999997	2975.2349999999997	2975.2349999999997
hgt	1649	GCA.002789635.1.Archaea.Aenigmatarchaeota	2610.45	0.0	1305.225
hgt	1649	GCA.002789635.1.Archaea.Aenigmatarchaeota	2610.45	0.0	1305.225
spe	1557	1557	2237.125	2237.125	2237.125
spe	1462	1462	1993.08	1993.08	1993.08
los	1675	1635	2804.24	2577.46	2690.85
spe	870	870	790.375	790.375	790.375
spe	1415	1415	1919.7450000000001	1919.7450000000001	1919.7450000000001
spe	1667	1667	2751.94	2751.94	2751.94
spe	1671	1671	2798.9	2798.9	2798.9
los	870	GCA.002841105.1.Archaea.Altiarchaeota	790.375	0.0	395.1875
spe	1072	1072	1492.545	1492.545	1492.545
los	1415	GCA.001723855.1.Archaea.Altiarchaeota	1919.7450000000001	0.0	959.8725000000001
spe	1548	1548	2176.73	2176.73	2176.73
los	1667	1661	2751.94	2705.465	2728.7025000000003
spe	1640	1640	2626.73	2626.73	2626.73
spe	1645	1645	2653.5150000000003	2653.5150000000003	2653.5150000000003
hgt	1519	GCA.002412085.1.Archaea.Nanoarchaeota	2133.415	0.0	1066.7075
spe	1442	1442	1962.0149999999999	1962.0149999999999	1962.0149999999999
hgt	1564	1442	2296.265	1962.0149999999999	2129.14
spe	1418	1418	1886.455	1886.455	1886.455
spe	1322	1322	1770.9250000000002	1770.9250000000002	1770.9250000000002
spe	1493	1493	2027.525	2027.525	2027.525
hgt	1661	1493	2705.465	2027.525	2366.495
spe	1621	1621	2517.75	2517.75	2517.75
spe	1621	1621	2517.75	2517.75	2517.75
hgt	1640	1621	2626.73	2517.75	2572.24
spe	1424	1424	1902.65	1902.65	1902.65
spe	1622	1622	2527.615	2527.615	2527.615
hgt	1296	GCA.002779595.1.Archaea.Nanoarchaeota	1724.445	0.0	862.2225
hgt	1296	GCA.002763265.1.Archaea.Nanoarchaeota	1724.445	0.0	862.2225
hgt	1323	GCA.002497285.1.Archaea.Nanoarchaeota	1758.165	0.0	879.0825
los	1418	GCF.002201895.1.Archaea.Euryarchaeota	1886.455	0.0	943.2275
hgt	1418	GCF.002201895.1.Archaea.Euryarchaeota	1886.455	0.0	943.2275
spe	1610	1610	2447.115	2447.115	2447.115
hgt	1631	1610	2558.825	2447.115	2502.97
spe	1540	1540	2214.8	2214.8	2214.8
spe	1540	1540	2214.8	2214.8	2214.8
los	1621	1588	2517.75	2383.6549999999997	2450.7025
spe	1588	1588	2383.6549999999997	2383.6549999999997	2383.6549999999997
los	1424	GCA.001940655.1.Archaea.Asgardarchaeota	1902.65	0.0	951.325
hgt	1622	GCA.001940665.1.Archaea.Asgardarchaeota	2527.615	0.0	1263.8075
spe	1606	1606	2445.1400000000003	2445.1400000000003	2445.1400000000003
hgt	1622	1606	2527.615	2445.1400000000003	2486.3775
dup	1610	1511	2447.115	2126.625	2286.87
spe	1511	1511	2126.625	2126.625	2126.625
spe	1511	1511	2126.625	2126.625	2126.625
spe	1523	1523	2166.265	2166.265	2166.265
los	1540	1358	2214.8	1798.4299999999998	2006.615
spe	1358	1358	1798.4299999999998	1798.4299999999998	1798.4299999999998
spe	1398	1398	1863.195	1863.195	1863.195
spe	1398	1398	1863.195	1863.195	1863.195
los	1588	1509	2383.6549999999997	2123.145	2253.3999999999996
spe	1524	1524	2168.41	2168.41	2168.41
spe	1518	1518	2127.23	2127.23	2127.23
los	1606	1354	2445.1400000000003	1813.355	2129.2475000000004
spe	1430	1430	1938.605	1938.605	1938.605
spe	1430	1430	1938.605	1938.605	1938.605
spe	1428	1428	1947.5100000000002	1947.5100000000002	1947.5100000000002
spe	1428	1428	1947.5100000000002	1947.5100000000002	1947.5100000000002
spe	1447	1447	1969.495	1969.495	1969.495
spe	1176	1176	1577.935	1577.935	1577.935
los	1398	GCF.000148385.1.Archaea.Thermoproteota	1863.195	0.0	931.5975
los	1398	1127	1863.195	1515.1799999999998	1689.1875
spe	1127	1127	1515.1799999999998	1515.1799999999998	1515.1799999999998
spe	1474	1474	2026.55	2026.55	2026.55
los	1518	1187	2127.23	1579.1	1853.165
spe	1103	1103	1481.835	1481.835	1481.835
spe	1299	1299	1716.1399999999999	1716.1399999999999	1716.1399999999999
spe	1299	1299	1716.1399999999999	1716.1399999999999	1716.1399999999999
los	1430	1178	1938.605	1580.44	1759.5225
spe	1178	1178	1580.44	1580.44	1580.44
spe	1355	1355	1811.47	1811.47	1811.47
spe	1355	1355	1811.47	1811.47	1811.47
spe	1281	1281	1695.025	1695.025	1695.025
spe	1281	1281	1695.025	1695.025	1695.025
spe	1257	1257	1616.7	1616.7	1616.7
spe	1360	1360	1812.405	1812.405	1812.405
spe	992	992	1356.82	1356.82	1356.82
spe	1385	1385	1853.335	1853.335	1853.335
hgt	1461	1385	1998.805	1853.335	1926.0700000000002
spe	1361	1361	1807.5249999999999	1807.5249999999999	1807.5249999999999
los	1474	GCA.000375685.1.Archaea.Thermoproteota	2026.55	0.0	1013.275
hgt	1474	GCA.000375685.1.Archaea.Thermoproteota	2026.55	0.0	1013.275
hgt	1474	GCA.000375685.1.Archaea.Thermoproteota	2026.55	0.0	1013.275
hgt	1187	GCA.001940725.1.Archaea.Asgardarchaeota	1579.1	0.0	789.55
los	1299	GCA.003009755.1.Archaea.Thermoplasmatota	1716.1399999999999	0.0	858.0699999999999
spe	1118	1118	1480.595	1480.595	1480.595
spe	1118	1118	1480.595	1480.595	1480.595
spe	973	973	1320.27	1320.27	1320.27
los	1355	GCA.002497685.1.Archaea.Thermoplasmatota	1811.47	0.0	905.735
los	1355	1141	1811.47	1534.115	1672.7925
spe	1141	1141	1534.115	1534.115	1534.115
los	1281	GCA.002495185.1.Archaea.Thermoplasmatota	1695.025	0.0	847.5125
los	1281	1116	1695.025	1500.29	1597.6575
spe	1116	1116	1500.29	1500.29	1500.29
spe	1055	1055	1412.42	1412.42	1412.42
spe	1256	1256	1663.625	1663.625	1663.625
hgt	1274	GCA.002255025.1.Archaea.Thermoproteota	1643.05	0.0	821.525
hgt	1274	GCA.001593865.1.Archaea.Thermoproteota	1643.05	0.0	821.525
spe	1240	1240	1643.115	1643.115	1643.115
spe	1057	1057	1422.225	1422.225	1422.225
spe	1249	1249	1643.645	1643.645	1643.645
spe	1115	1115	1484.13	1484.13	1484.13
los	1118	GCA.002495235.1.Archaea.Thermoplasmatota	1480.595	0.0	740.2975
los	1118	GCA.002494765.1.Archaea.Thermoplasmatota	1480.595	0.0	740.2975
los	973	GCA.002502685.1.Archaea.Thermoplasmatota	1320.27	0.0	660.135
spe	950	950	1276.4450000000002	1276.4450000000002	1276.4450000000002
spe	938	938	1261.09	1261.09	1261.09
spe	1015	1015	1371.3049999999998	1371.3049999999998	1371.3049999999998
spe	1143	1143	1542.125	1542.125	1542.125
spe	903	903	1108.5584999999999	1108.5584999999999	1108.5584999999999
spe	875	875	925.9285	925.9285	925.9285
los	1115	GCA.000405685.1.Archaea.Thermoproteota	1484.13	0.0	742.065
los	1015	GCF.002114285.1.Archaea.Halobacteriota	1371.3049999999998	0.0	685.6524999999999
spe	1013	1013	1366.345	1366.345	1366.345
los	903	GCA.001593875.1.Archaea.Thermoproteota	1108.5584999999999	0.0	554.2792499999999
spe	911	911	1169.1970000000001	1169.1970000000001	1169.1970000000001
los	1013	GCA.001412335.1.Archaea.Halobacteriota	1366.345	0.0	683.1725
spe	869	869	694.719	694.719	694.719
hgt	876	869	946.8465	694.719	820.7827500000001
los	911	GCF.000970205.1.Archaea.Halobacteriota	1169.1970000000001	0.0	584.5985000000001
hgt	911	GCF.000970205.1.Archaea.Halobacteriota	1169.1970000000001	0.0	584.5985000000001
