event	left node	right node	left date	right date	midpoint date
los	1730	UNSAMPLED	?	0.0	?
los	1730	UNSAMPLED	?	0.0	?
hgt	1730	UNSAMPLED	?	0.0	?
hgt	1730	UNSAMPLED	?	0.0	?
spe	1690	1690	2975.2349999999997	2975.2349999999997	2975.2349999999997
spe	1667	1667	2751.94	2751.94	2751.94
spe	1671	1671	2798.9	2798.9	2798.9
spe	1548	1548	2176.73	2176.73	2176.73
spe	1661	1661	2705.465	2705.465	2705.465
spe	1640	1640	2626.73	2626.73	2626.73
spe	1645	1645	2653.5150000000003	2653.5150000000003	2653.5150000000003
spe	1418	1418	1886.455	1886.455	1886.455
spe	1322	1322	1770.9250000000002	1770.9250000000002	1770.9250000000002
los	1661	1493	2705.465	2027.525	2366.495
spe	1631	1631	2558.825	2558.825	2558.825
los	1640	GCF.000019605.1.Archaea.Thermoproteota	2626.73	0.0	1313.365
spe	1621	1621	2517.75	2517.75	2517.75
spe	1424	1424	1902.65	1902.65	1902.65
spe	1622	1622	2527.615	2527.615	2527.615
los	1418	GCA.001587715.1.Archaea.Methanobacteriota.B	1886.455	0.0	943.2275
hgt	1418	GCA.001587715.1.Archaea.Methanobacteriota.B	1886.455	0.0	943.2275
los	1322	GCA.001515205.2.Archaea.Hadarchaeota	1770.9250000000002	0.0	885.4625000000001
los	1631	1610	2558.825	2447.115	2502.97
spe	1540	1540	2214.8	2214.8	2214.8
spe	1588	1588	2383.6549999999997	2383.6549999999997	2383.6549999999997
hgt	1424	GCA.001940655.1.Archaea.Asgardarchaeota	1902.65	0.0	951.325
hgt	1622	GCA.001940665.1.Archaea.Asgardarchaeota	2527.615	0.0	1263.8075
spe	1606	1606	2445.1400000000003	2445.1400000000003	2445.1400000000003
spe	1358	1358	1798.4299999999998	1798.4299999999998	1798.4299999999998
spe	1398	1398	1863.195	1863.195	1863.195
spe	1509	1509	2123.145	2123.145	2123.145
los	1588	1524	2383.6549999999997	2168.41	2276.0325
spe	1518	1518	2127.23	2127.23	2127.23
dup	1606	1354	2445.1400000000003	1813.355	2129.2475000000004
spe	1354	1354	1813.355	1813.355	1813.355
spe	1354	1354	1813.355	1813.355	1813.355
spe	1176	1176	1577.935	1577.935	1577.935
los	1398	1127	1863.195	1515.1799999999998	1689.1875
los	1509	GCA.002495485.1.Archaea.Thermoproteota	2123.145	0.0	1061.5725
spe	1461	1461	1998.805	1998.805	1998.805
spe	1474	1474	2026.55	2026.55	2026.55
hgt	1524	1474	2168.41	2026.55	2097.48
los	1518	1187	2127.23	1579.1	1853.165
spe	1187	1187	1579.1	1579.1	1579.1
hgt	1518	1187	2127.23	1579.1	1853.165
spe	1103	1103	1481.835	1481.835	1481.835
dup	1354	1231	1813.355	1645.2649999999999	1729.31
spe	1231	1231	1645.2649999999999	1645.2649999999999	1645.2649999999999
spe	1231	1231	1645.2649999999999	1645.2649999999999	1645.2649999999999
spe	1231	1231	1645.2649999999999	1645.2649999999999	1645.2649999999999
spe	992	992	1356.82	1356.82	1356.82
hgt	1127	GCA.003019535.1.Archaea.Thermoproteota	1515.1799999999998	0.0	757.5899999999999
los	1461	1274	1998.805	1643.05	1820.9275
spe	1385	1385	1853.335	1853.335	1853.335
spe	1361	1361	1807.5249999999999	1807.5249999999999	1807.5249999999999
spe	1091	1091	1475.775	1475.775	1475.775
spe	1091	1091	1475.775	1475.775	1475.775
spe	1091	1091	1475.775	1475.775	1475.775
spe	1240	1240	1643.115	1643.115	1643.115
spe	1057	1057	1422.225	1422.225	1422.225
spe	1249	1249	1643.645	1643.645	1643.645
spe	1115	1115	1484.13	1484.13	1484.13
los	1091	927	1475.775	1215.125	1345.45
spe	927	927	1215.125	1215.125	1215.125
spe	927	927	1215.125	1215.125	1215.125
spe	1020	1020	1389.275	1389.275	1389.275
spe	1020	1020	1389.275	1389.275	1389.275
spe	1020	1020	1389.275	1389.275	1389.275
spe	903	903	1108.5584999999999	1108.5584999999999	1108.5584999999999
los	1057	GCA.001273335.1.Archaea.Thermoproteota	1422.225	0.0	711.1125
spe	875	875	925.9285	925.9285	925.9285
los	1115	GCA.000405685.1.Archaea.Thermoproteota	1484.13	0.0	742.065
hgt	1115	GCA.000405685.1.Archaea.Thermoproteota	1484.13	0.0	742.065
los	927	GCF.000165345.1.Eukaryota.Apicocomplexa	1215.125	0.0	607.5625
los	927	GCF.000165345.1.Eukaryota.Apicocomplexa	1215.125	0.0	607.5625
hgt	927	GCF.000165345.1.Eukaryota.Apicocomplexa	1215.125	0.0	607.5625
hgt	927	GCF.000165345.1.Eukaryota.Apicocomplexa	1215.125	0.0	607.5625
los	1020	943	1389.275	1269.475	1329.375
spe	943	943	1269.475	1269.475	1269.475
spe	943	943	1269.475	1269.475	1269.475
spe	923	923	1219.565	1219.565	1219.565
spe	923	923	1219.565	1219.565	1219.565
spe	923	923	1219.565	1219.565	1219.565
los	903	GCA.001593875.1.Archaea.Thermoproteota	1108.5584999999999	0.0	554.2792499999999
los	875	GCA.002011075.1.Archaea.Thermoproteota	925.9285	0.0	462.96425
spe	888	888	1084.09	1084.09	1084.09
spe	888	888	1084.09	1084.09	1084.09
dup	923	GCA.000004985.1.Eukaryota.Heterolobosea	1219.565	0.0	609.7825
los	923	GCA.000004985.1.Eukaryota.Heterolobosea	1219.565	0.0	609.7825
los	923	GCA.000004985.1.Eukaryota.Heterolobosea	1219.565	0.0	609.7825
hgt	923	GCA.000004985.1.Eukaryota.Heterolobosea	1219.565	0.0	609.7825
hgt	923	GCA.000004985.1.Eukaryota.Heterolobosea	1219.565	0.0	609.7825
los	923	876	1219.565	946.8465	1083.20575
spe	876	876	946.8465	946.8465	946.8465
spe	876	876	946.8465	946.8465	946.8465
los	888	GCF.000091205.1.Eukaryota.Rhodophyta	1084.09	0.0	542.045
hgt	888	GCF.000091205.1.Eukaryota.Rhodophyta	1084.09	0.0	542.045
spe	869	869	694.719	694.719	694.719
spe	869	869	694.719	694.719	694.719
