event	left node	right node	left date	right date	midpoint date
los	1730	UNSAMPLED	?	0.0	?
los	1730	UNSAMPLED	?	0.0	?
los	1730	UNSAMPLED	?	0.0	?
los	1730	UNSAMPLED	?	0.0	?
los	1730	UNSAMPLED	?	0.0	?
los	1730	UNSAMPLED	?	0.0	?
los	1730	UNSAMPLED	?	0.0	?
los	1730	UNSAMPLED	?	0.0	?
los	1730	UNSAMPLED	?	0.0	?
hgt	1730	UNSAMPLED	?	0.0	?
hgt	1730	UNSAMPLED	?	0.0	?
hgt	1730	UNSAMPLED	?	0.0	?
hgt	1730	UNSAMPLED	?	0.0	?
hgt	1730	UNSAMPLED	?	0.0	?
hgt	1730	UNSAMPLED	?	0.0	?
hgt	1730	UNSAMPLED	?	0.0	?
hgt	1730	UNSAMPLED	?	0.0	?
hgt	1730	UNSAMPLED	?	0.0	?
spe	1651	1651	2692.5550000000003	2692.5550000000003	2692.5550000000003
spe	1390	1390	1896.8449999999998	1896.8449999999998	1896.8449999999998
hgt	1464	1390	2064.13	1896.8449999999998	1980.4875
spe	1615	1615	2397.09	2397.09	2397.09
spe	1639	1639	2619.0699999999997	2619.0699999999997	2619.0699999999997
spe	1262	1262	1695.79	1695.79	1695.79
spe	1170	1170	1584.4	1584.4	1584.4
los	1615	1420	2397.09	1902.285	2149.6875
spe	1458	1458	2011.28	2011.28	2011.28
spe	1618	1618	2495.045	2495.045	2495.045
spe	971	971	1335.97	1335.97	1335.97
hgt	1262	971	1695.79	1335.97	1515.88
los	1170	1052	1584.4	1446.125	1515.2625
spe	1153	1153	1546.995	1546.995	1546.995
los	1458	1393	2011.28	1872.885	1942.0825
spe	1551	1551	2255.985	2255.985	2255.985
spe	1607	1607	2426.135	2426.135	2426.135
hgt	1041	GCA.001513395.1.Bacteria.Firmicutes.G	1426.32	0.0	713.16
los	971	GCA.002409975.1.Bacteria.Firmicutes.G	1335.97	0.0	667.985
hgt	971	GCA.002409975.1.Bacteria.Firmicutes.G	1335.97	0.0	667.985
hgt	1052	GCA.001513145.1.Bacteria.Firmicutes.G	1446.125	0.0	723.0625
hgt	1007	GCF.000328625.1.Bacteria.Firmicutes.F	1418.775	0.0	709.3875
spe	1251	1251	1667.9650000000001	1667.9650000000001	1667.9650000000001
hgt	1393	1251	1872.885	1667.9650000000001	1770.4250000000002
spe	1337	1337	1697.815	1697.815	1697.815
spe	1494	1494	2085.065	2085.065	2085.065
los	1607	1554	2426.135	2263.0	2344.5675
spe	1568	1568	2312.8050000000003	2312.8050000000003	2312.8050000000003
hgt	940	GCA.002396805.1.Bacteria.Firmicutes.G	1264.8925	0.0	632.44625
spe	1123	1123	1509.365	1509.365	1509.365
hgt	1288	1123	1712.115	1509.365	1610.74
spe	1084	1084	1465.43	1465.43	1465.43
hgt	1251	1084	1667.9650000000001	1465.43	1566.6975000000002
los	1337	GCA.002376045.1.Bacteria.Firmicutes.A	1697.815	0.0	848.9075
hgt	1337	GCA.002376045.1.Bacteria.Firmicutes.A	1697.815	0.0	848.9075
los	1494	GCF.000166335.1.Bacteria.Firmicutes.A	2085.065	0.0	1042.5325
spe	1429	1429	1953.0900000000001	1953.0900000000001	1953.0900000000001
spe	1213	1213	1602.185	1602.185	1602.185
spe	1550	1550	2240.33	2240.33	2240.33
spe	1021	1021	1388.78	1388.78	1388.78
los	1084	924	1465.43	1196.4	1330.915
spe	1192	1192	1576.985	1576.985	1576.985
spe	1310	1310	1755.96	1755.96	1755.96
hgt	1429	1310	1953.0900000000001	1755.96	1854.525
los	1213	GCA.003444595.1.Bacteria.Firmicutes.D	1602.185	0.0	801.0925
hgt	1213	GCA.003444595.1.Bacteria.Firmicutes.D	1602.185	0.0	801.0925
spe	1318	1318	1678.19	1678.19	1678.19
spe	1483	1483	2049.0099999999998	2049.0099999999998	2049.0099999999998
los	1021	GCA.002385465.1.Bacteria.Firmicutes.E	1388.78	0.0	694.39
hgt	1021	GCA.002385465.1.Bacteria.Firmicutes.E	1388.78	0.0	694.39
spe	1032	1032	1401.9	1401.9	1401.9
los	1310	1269	1755.96	1686.58	1721.27
spe	1193	1193	1598.315	1598.315	1598.315
los	1318	GCA.002423965.1.Bacteria.Firmicutes.D	1678.19	0.0	839.095
los	1483	1163	2049.0099999999998	1549.5949999999998	1799.3024999999998
spe	1449	1449	1971.49	1971.49	1971.49
los	1032	GCF.900129115.1.Bacteria.Firmicutes.A	1401.9	0.0	700.95
los	1193	1011	1598.315	1360.255	1479.285
spe	1076	1076	1451.62	1451.62	1451.62
spe	1082	1082	1436.52	1436.52	1436.52
hgt	1207	1082	1576.575	1436.52	1506.5475000000001
spe	1212	1212	1606.5500000000002	1606.5500000000002	1606.5500000000002
hgt	1338	1212	1779.53	1606.5500000000002	1693.04
los	1449	1172	1971.49	1523.81	1747.65
spe	1423	1423	1907.4450000000002	1907.4450000000002	1907.4450000000002
spe	1018	1018	1387.7150000000001	1387.7150000000001	1387.7150000000001
hgt	1152	1018	1548.8899999999999	1387.7150000000001	1468.3025
los	1076	944	1451.62	1275.4850000000001	1363.5525
spe	990	990	1333.3400000000001	1333.3400000000001	1333.3400000000001
hgt	1212	990	1606.5500000000002	1333.3400000000001	1469.9450000000002
spe	1086	1086	1451.1	1451.1	1451.1
spe	1034	1034	1384.555	1384.555	1384.555
hgt	1292	1034	1708.06	1384.555	1546.3075
los	1423	1209	1907.4450000000002	1520.8899999999999	1714.1675
spe	1388	1388	1843.3449999999998	1843.3449999999998	1843.3449999999998
spe	922	922	1206.9915	1206.9915	1206.9915
hgt	957	GCF.900104115.1.Bacteria.Firmicutes.A	1285.645	0.0	642.8225
hgt	918	GCF.002257705.1.Bacteria.Firmicutes.C	1109.4215	0.0	554.71075
hgt	990	GCF.000620305.1.Bacteria.Firmicutes.B	1333.3400000000001	0.0	666.6700000000001
los	990	GCA.002418765.1.Bacteria.Firmicutes.B	1333.3400000000001	0.0	666.6700000000001
spe	998	998	1336.995	1336.995	1336.995
hgt	1216	GCF.900100785.1.Bacteria.Firmicutes.B	1607.725	0.0	803.8625
spe	1297	1297	1688.26	1688.26	1688.26
spe	1350	1350	1785.675	1785.675	1785.675
los	922	GCA.002478485.1.Bacteria.Firmicutes.A	1206.9915	0.0	603.49575
los	998	GCF.002207765.1.Bacteria.Firmicutes.B	1336.995	0.0	668.4975
spe	897	897	1096.0955	1096.0955	1096.0955
spe	1047	1047	1373.121	1373.121	1373.121
los	1297	1132	1688.26	1481.1	1584.6799999999998
spe	1317	1317	1743.2350000000001	1743.2350000000001	1743.2350000000001
spe	882	882	955.8	955.8	955.8
hgt	921	882	1148.381	955.8	1052.0905
los	1047	GCF.900099895.1.Bacteria.Firmicutes	1373.121	0.0	686.5605
hgt	1047	GCF.900099895.1.Bacteria.Firmicutes	1373.121	0.0	686.5605
spe	1095	1095	1426.77	1426.77	1426.77
spe	1232	1232	1618.42	1618.42	1618.42
los	1232	GCF.001908175.1.Bacteria.Firmicutes	1618.42	0.0	809.21
spe	1171	1171	1551.145	1551.145	1551.145
spe	1110	1110	1475.0	1475.0	1475.0
los	1110	959	1475.0	1258.375	1366.6875
spe	1024	1024	1363.0	1363.0	1363.0
los	1024	962	1363.0	1253.275	1308.1375
