event	left node	right node	left date	right date	midpoint date
los	1730	UNSAMPLED	?	0.0	?
los	1730	UNSAMPLED	?	0.0	?
los	1730	UNSAMPLED	?	0.0	?
los	1730	UNSAMPLED	?	0.0	?
los	1730	UNSAMPLED	?	0.0	?
los	1730	UNSAMPLED	?	0.0	?
los	1730	UNSAMPLED	?	0.0	?
hgt	1730	UNSAMPLED	?	0.0	?
hgt	1730	UNSAMPLED	?	0.0	?
hgt	1730	UNSAMPLED	?	0.0	?
hgt	1730	UNSAMPLED	?	0.0	?
hgt	1730	UNSAMPLED	?	0.0	?
hgt	1730	UNSAMPLED	?	0.0	?
hgt	1730	UNSAMPLED	?	0.0	?
hgt	1730	UNSAMPLED	?	0.0	?
spe	1711	1711	3274.245	3274.245	3274.245
spe	1699	1699	3029.29	3029.29	3029.29
spe	1705	1705	3153.6549999999997	3153.6549999999997	3153.6549999999997
los	1699	1649	3029.29	2610.45	2819.87
spe	1675	1675	2804.24	2804.24	2804.24
spe	1609	1609	2402.345	2402.345	2402.345
spe	1690	1690	2975.2349999999997	2975.2349999999997	2975.2349999999997
spe	1462	1462	1993.08	1993.08	1993.08
spe	1635	1635	2577.46	2577.46	2577.46
spe	870	870	790.375	790.375	790.375
los	1609	1415	2402.345	1919.7450000000001	2161.045
spe	1667	1667	2751.94	2751.94	2751.94
spe	1671	1671	2798.9	2798.9	2798.9
los	1462	GCA.002687735.1.Archaea.Iainarchaeota	1993.08	0.0	996.54
los	1635	1519	2577.46	2133.415	2355.4375
spe	1564	1564	2296.265	2296.265	2296.265
spe	1548	1548	2176.73	2176.73	2176.73
los	1667	1661	2751.94	2705.465	2728.7025000000003
spe	1640	1640	2626.73	2626.73	2626.73
spe	1645	1645	2653.5150000000003	2653.5150000000003	2653.5150000000003
spe	1323	1323	1758.165	1758.165	1758.165
spe	1442	1442	1962.0149999999999	1962.0149999999999	1962.0149999999999
spe	1418	1418	1886.455	1886.455	1886.455
spe	1322	1322	1770.9250000000002	1770.9250000000002	1770.9250000000002
spe	1631	1631	2558.825	2558.825	2558.825
hgt	1661	1631	2705.465	2558.825	2632.145
spe	1621	1621	2517.75	2517.75	2517.75
los	1645	1424	2653.5150000000003	1902.65	2278.0825000000004
spe	1622	1622	2527.615	2527.615	2527.615
los	1323	GCA.002505525.1.Archaea.Nanoarchaeota	1758.165	0.0	879.0825
los	1442	GCA.002789275.1.Archaea.Huberarchaeota	1962.0149999999999	0.0	981.0074999999999
los	1418	GCF.002201895.1.Archaea.Euryarchaeota	1886.455	0.0	943.2275
hgt	1418	GCF.002201895.1.Archaea.Euryarchaeota	1886.455	0.0	943.2275
hgt	1322	GCF.002214485.1.Archaea.Methanobacteriota.B	1770.9250000000002	0.0	885.4625000000001
hgt	1493	GCA.002502135.1.Archaea.Undinarchaeota	2027.525	0.0	1013.7625
spe	1610	1610	2447.115	2447.115	2447.115
spe	1540	1540	2214.8	2214.8	2214.8
spe	1588	1588	2383.6549999999997	2383.6549999999997	2383.6549999999997
hgt	1424	GCA.001940655.1.Archaea.Asgardarchaeota	1902.65	0.0	951.325
hgt	1424	GCA.001563325.1.Archaea.Asgardarchaeota	1902.65	0.0	951.325
los	1622	GCA.001940665.1.Archaea.Asgardarchaeota	2527.615	0.0	1263.8075
hgt	1622	GCA.001940665.1.Archaea.Asgardarchaeota	2527.615	0.0	1263.8075
spe	1606	1606	2445.1400000000003	2445.1400000000003	2445.1400000000003
spe	1511	1511	2126.625	2126.625	2126.625
spe	1523	1523	2166.265	2166.265	2166.265
spe	1358	1358	1798.4299999999998	1798.4299999999998	1798.4299999999998
spe	1398	1398	1863.195	1863.195	1863.195
spe	1509	1509	2123.145	2123.145	2123.145
spe	1524	1524	2168.41	2168.41	2168.41
spe	1518	1518	2127.23	2127.23	2127.23
los	1606	1354	2445.1400000000003	1813.355	2129.2475000000004
spe	1430	1430	1938.605	1938.605	1938.605
spe	1428	1428	1947.5100000000002	1947.5100000000002	1947.5100000000002
spe	1447	1447	1969.495	1969.495	1969.495
spe	1176	1176	1577.935	1577.935	1577.935
spe	1127	1127	1515.1799999999998	1515.1799999999998	1515.1799999999998
los	1509	GCA.002495485.1.Archaea.Thermoproteota	2123.145	0.0	1061.5725
spe	1461	1461	1998.805	1998.805	1998.805
spe	1474	1474	2026.55	2026.55	2026.55
spe	1187	1187	1579.1	1579.1	1579.1
spe	1103	1103	1481.835	1481.835	1481.835
spe	1231	1231	1645.2649999999999	1645.2649999999999	1645.2649999999999
hgt	1354	1231	1813.355	1645.2649999999999	1729.31
spe	1299	1299	1716.1399999999999	1716.1399999999999	1716.1399999999999
spe	1178	1178	1580.44	1580.44	1580.44
spe	1355	1355	1811.47	1811.47	1811.47
spe	1281	1281	1695.025	1695.025	1695.025
spe	1257	1257	1616.7	1616.7	1616.7
spe	1360	1360	1812.405	1812.405	1812.405
spe	992	992	1356.82	1356.82	1356.82
los	1176	GCF.000011205.1.Archaea.Thermoproteota	1577.935	0.0	788.9675
spe	1274	1274	1643.05	1643.05	1643.05
spe	1385	1385	1853.335	1853.335	1853.335
spe	1361	1361	1807.5249999999999	1807.5249999999999	1807.5249999999999
los	1474	GCA.000375685.1.Archaea.Thermoproteota	2026.55	0.0	1013.275
los	1187	GCA.001940725.1.Archaea.Asgardarchaeota	1579.1	0.0	789.55
hgt	1187	GCA.001940725.1.Archaea.Asgardarchaeota	1579.1	0.0	789.55
spe	1091	1091	1475.775	1475.775	1475.775
los	1299	1118	1716.1399999999999	1480.595	1598.3674999999998
spe	973	973	1320.27	1320.27	1320.27
los	1355	GCA.002497685.1.Archaea.Thermoplasmatota	1811.47	0.0	905.735
spe	1141	1141	1534.115	1534.115	1534.115
spe	1116	1116	1500.29	1500.29	1500.29
los	1257	GCF.000194625.1.Archaea.Halobacteriota	1616.7	0.0	808.35
hgt	1257	GCF.000194625.1.Archaea.Halobacteriota	1616.7	0.0	808.35
spe	1055	1055	1412.42	1412.42	1412.42
spe	1256	1256	1663.625	1663.625	1663.625
spe	1240	1240	1643.115	1643.115	1643.115
spe	1057	1057	1422.225	1422.225	1422.225
spe	1249	1249	1643.645	1643.645	1643.645
spe	1115	1115	1484.13	1484.13	1484.13
spe	927	927	1215.125	1215.125	1215.125
spe	1020	1020	1389.275	1389.275	1389.275
los	973	GCA.002502685.1.Archaea.Thermoplasmatota	1320.27	0.0	660.135
spe	950	950	1276.4450000000002	1276.4450000000002	1276.4450000000002
los	1116	938	1500.29	1261.09	1380.69
spe	1015	1015	1371.3049999999998	1371.3049999999998	1371.3049999999998
spe	1143	1143	1542.125	1542.125	1542.125
los	1240	903	1643.115	1108.5584999999999	1375.83675
los	1057	GCA.001273335.1.Archaea.Thermoproteota	1422.225	0.0	711.1125
spe	875	875	925.9285	925.9285	925.9285
los	1249	GCA.001510295.1.Archaea.Thermoproteota	1643.645	0.0	821.8225
los	1115	GCA.000405685.1.Archaea.Thermoproteota	1484.13	0.0	742.065
dup	927	GCA.000315625.1.Eukaryota.Cryptophyceae	1215.125	0.0	607.5625
los	927	GCA.000315625.1.Eukaryota.Cryptophyceae	1215.125	0.0	607.5625
hgt	927	GCA.000315625.1.Eukaryota.Cryptophyceae	1215.125	0.0	607.5625
spe	943	943	1269.475	1269.475	1269.475
spe	923	923	1219.565	1219.565	1219.565
los	1015	GCF.002114285.1.Archaea.Halobacteriota	1371.3049999999998	0.0	685.6524999999999
hgt	1015	GCF.002114285.1.Archaea.Halobacteriota	1371.3049999999998	0.0	685.6524999999999
spe	1013	1013	1366.345	1366.345	1366.345
hgt	903	GCA.001774245.1.Archaea.Thermoproteota	1108.5584999999999	0.0	554.2792499999999
spe	888	888	1084.09	1084.09	1084.09
spe	876	876	946.8465	946.8465	946.8465
spe	911	911	1169.1970000000001	1169.1970000000001	1169.1970000000001
los	888	GCF.000091205.1.Eukaryota.Rhodophyta	1084.09	0.0	542.045
hgt	888	GCF.000091205.1.Eukaryota.Rhodophyta	1084.09	0.0	542.045
spe	869	869	694.719	694.719	694.719
los	911	GCF.000970205.1.Archaea.Halobacteriota	1169.1970000000001	0.0	584.5985000000001
hgt	911	GCF.000970205.1.Archaea.Halobacteriota	1169.1970000000001	0.0	584.5985000000001
