event	left node	right node	left date	right date	midpoint date
los	1730	UNSAMPLED	?	0.0	?
los	1730	UNSAMPLED	?	0.0	?
los	1730	UNSAMPLED	?	0.0	?
los	1730	UNSAMPLED	?	0.0	?
los	1730	UNSAMPLED	?	0.0	?
hgt	1730	UNSAMPLED	?	0.0	?
hgt	1730	UNSAMPLED	?	0.0	?
hgt	1730	UNSAMPLED	?	0.0	?
hgt	1730	UNSAMPLED	?	0.0	?
spe	1705	1705	3153.6549999999997	3153.6549999999997	3153.6549999999997
spe	1609	1609	2402.345	2402.345	2402.345
spe	1690	1690	2975.2349999999997	2975.2349999999997	2975.2349999999997
los	1609	870	2402.345	790.375	1596.36
hgt	1609	870	2402.345	790.375	1596.36
spe	1415	1415	1919.7450000000001	1919.7450000000001	1919.7450000000001
spe	1667	1667	2751.94	2751.94	2751.94
spe	1671	1671	2798.9	2798.9	2798.9
hgt	1462	GCA.002779075.1.Archaea.Iainarchaeota	1993.08	0.0	996.54
hgt	870	GCA.002841105.1.Archaea.Altiarchaeota	790.375	0.0	395.1875
spe	1072	1072	1492.545	1492.545	1492.545
spe	1548	1548	2176.73	2176.73	2176.73
spe	1661	1661	2705.465	2705.465	2705.465
los	1671	1640	2798.9	2626.73	2712.815
spe	1645	1645	2653.5150000000003	2653.5150000000003	2653.5150000000003
spe	1418	1418	1886.455	1886.455	1886.455
spe	1322	1322	1770.9250000000002	1770.9250000000002	1770.9250000000002
los	1661	1493	2705.465	2027.525	2366.495
spe	1631	1631	2558.825	2558.825	2558.825
hgt	1640	GCF.000019605.1.Archaea.Thermoproteota	2626.73	0.0	1313.365
spe	1621	1621	2517.75	2517.75	2517.75
hgt	1640	1621	2626.73	2517.75	2572.24
spe	1424	1424	1902.65	1902.65	1902.65
spe	1622	1622	2527.615	2527.615	2527.615
los	1418	GCA.001587715.1.Archaea.Methanobacteriota.B	1886.455	0.0	943.2275
hgt	1418	GCA.001587715.1.Archaea.Methanobacteriota.B	1886.455	0.0	943.2275
los	1631	GCF.000025525.1.Archaea.Methanobacteriota.A	2558.825	0.0	1279.4125
spe	1610	1610	2447.115	2447.115	2447.115
spe	1540	1540	2214.8	2214.8	2214.8
spe	1588	1588	2383.6549999999997	2383.6549999999997	2383.6549999999997
hgt	1424	GCA.001563325.1.Archaea.Asgardarchaeota	1902.65	0.0	951.325
hgt	1622	GCA.001940665.1.Archaea.Asgardarchaeota	2527.615	0.0	1263.8075
spe	1606	1606	2445.1400000000003	2445.1400000000003	2445.1400000000003
spe	1511	1511	2126.625	2126.625	2126.625
spe	1523	1523	2166.265	2166.265	2166.265
spe	1358	1358	1798.4299999999998	1798.4299999999998	1798.4299999999998
spe	1398	1398	1863.195	1863.195	1863.195
spe	1509	1509	2123.145	2123.145	2123.145
spe	1524	1524	2168.41	2168.41	2168.41
spe	1518	1518	2127.23	2127.23	2127.23
los	1606	1354	2445.1400000000003	1813.355	2129.2475000000004
spe	1430	1430	1938.605	1938.605	1938.605
spe	1428	1428	1947.5100000000002	1947.5100000000002	1947.5100000000002
spe	1447	1447	1969.495	1969.495	1969.495
spe	1176	1176	1577.935	1577.935	1577.935
hgt	1398	GCF.000148385.1.Archaea.Thermoproteota	1863.195	0.0	931.5975
spe	1127	1127	1515.1799999999998	1515.1799999999998	1515.1799999999998
los	1509	1461	2123.145	1998.805	2060.975
hgt	1524	GCA.002255045.1.Archaea.Thermoproteota	2168.41	0.0	1084.205
spe	1474	1474	2026.55	2026.55	2026.55
los	1518	1187	2127.23	1579.1	1853.165
spe	1187	1187	1579.1	1579.1	1579.1
hgt	1518	1187	2127.23	1579.1	1853.165
spe	1103	1103	1481.835	1481.835	1481.835
spe	1299	1299	1716.1399999999999	1716.1399999999999	1716.1399999999999
spe	1178	1178	1580.44	1580.44	1580.44
spe	1355	1355	1811.47	1811.47	1811.47
spe	1281	1281	1695.025	1695.025	1695.025
spe	1257	1257	1616.7	1616.7	1616.7
spe	1360	1360	1812.405	1812.405	1812.405
spe	992	992	1356.82	1356.82	1356.82
los	1127	GCA.001717025.1.Archaea.Thermoproteota	1515.1799999999998	0.0	757.5899999999999
hgt	1127	GCA.001717025.1.Archaea.Thermoproteota	1515.1799999999998	0.0	757.5899999999999
spe	1274	1274	1643.05	1643.05	1643.05
hgt	1461	1274	1998.805	1643.05	1820.9275
spe	1361	1361	1807.5249999999999	1807.5249999999999	1807.5249999999999
los	1474	GCA.000375685.1.Archaea.Thermoproteota	2026.55	0.0	1013.275
spe	1118	1118	1480.595	1480.595	1480.595
los	1178	GCA.002011355.1.Archaea.Thermoplasmatota	1580.44	0.0	790.22
hgt	1178	GCA.002011355.1.Archaea.Thermoplasmatota	1580.44	0.0	790.22
spe	973	973	1320.27	1320.27	1320.27
los	1355	GCA.002497685.1.Archaea.Thermoplasmatota	1811.47	0.0	905.735
spe	1141	1141	1534.115	1534.115	1534.115
los	1281	1116	1695.025	1500.29	1597.6575
spe	1116	1116	1500.29	1500.29	1500.29
hgt	1281	1116	1695.025	1500.29	1597.6575
spe	1055	1055	1412.42	1412.42	1412.42
spe	1256	1256	1663.625	1663.625	1663.625
hgt	1274	GCA.002255025.1.Archaea.Thermoproteota	1643.05	0.0	821.525
los	1361	1249	1807.5249999999999	1643.645	1725.585
spe	1115	1115	1484.13	1484.13	1484.13
hgt	1118	GCA.002495235.1.Archaea.Thermoplasmatota	1480.595	0.0	740.2975
los	1141	GCF.002078355.1.Archaea.Thermoplasmatota	1534.115	0.0	767.0575
hgt	1141	GCF.002078355.1.Archaea.Thermoplasmatota	1534.115	0.0	767.0575
spe	950	950	1276.4450000000002	1276.4450000000002	1276.4450000000002
spe	938	938	1261.09	1261.09	1261.09
spe	1015	1015	1371.3049999999998	1371.3049999999998	1371.3049999999998
spe	1143	1143	1542.125	1542.125	1542.125
spe	1143	1143	1542.125	1542.125	1542.125
hgt	1256	1143	1663.625	1542.125	1602.875
spe	903	903	1108.5584999999999	1108.5584999999999	1108.5584999999999
hgt	1240	903	1643.115	1108.5584999999999	1375.83675
hgt	1057	GCA.001775995.1.Archaea.Thermoproteota	1422.225	0.0	711.1125
spe	875	875	925.9285	925.9285	925.9285
hgt	1249	875	1643.645	925.9285	1284.78675
los	1115	GCA.000405685.1.Archaea.Thermoproteota	1484.13	0.0	742.065
los	938	GCA.001595885.1.Archaea.Thermoplasmatota	1261.09	0.0	630.545
los	1015	GCF.002114285.1.Archaea.Halobacteriota	1371.3049999999998	0.0	685.6524999999999
los	1143	GCA.002256595.1.Archaea.Halobacteriota	1542.125	0.0	771.0625
spe	1013	1013	1366.345	1366.345	1366.345
spe	1013	1013	1366.345	1366.345	1366.345
spe	911	911	1169.1970000000001	1169.1970000000001	1169.1970000000001
spe	911	911	1169.1970000000001	1169.1970000000001	1169.1970000000001
los	1013	GCA.001412335.1.Archaea.Halobacteriota	1366.345	0.0	683.1725
los	1013	GCA.001412335.1.Archaea.Halobacteriota	1366.345	0.0	683.1725
hgt	876	GCA.000209225.1.Eukaryota.Cnidaria	946.8465	0.0	473.42325
los	911	GCF.000970205.1.Archaea.Halobacteriota	1169.1970000000001	0.0	584.5985000000001
los	911	GCF.000011005.1.Archaea.Euryarchaeota	1169.1970000000001	0.0	584.5985000000001
