event	left node	right node	left date	right date	midpoint date
los	1730	UNSAMPLED	?	0.0	?
los	1730	UNSAMPLED	?	0.0	?
los	1730	UNSAMPLED	?	0.0	?
los	1730	UNSAMPLED	?	0.0	?
los	1730	UNSAMPLED	?	0.0	?
los	1730	UNSAMPLED	?	0.0	?
los	1730	UNSAMPLED	?	0.0	?
los	1730	UNSAMPLED	?	0.0	?
los	1730	UNSAMPLED	?	0.0	?
los	1730	UNSAMPLED	?	0.0	?
hgt	1730	UNSAMPLED	?	0.0	?
hgt	1730	UNSAMPLED	?	0.0	?
hgt	1730	UNSAMPLED	?	0.0	?
hgt	1730	UNSAMPLED	?	0.0	?
hgt	1730	UNSAMPLED	?	0.0	?
hgt	1730	UNSAMPLED	?	0.0	?
hgt	1730	UNSAMPLED	?	0.0	?
hgt	1730	UNSAMPLED	?	0.0	?
hgt	1716	GCA.001889985.1.Archaea.Micrarchaeota	3318.57	0.0	1659.285
spe	1711	1711	3274.245	3274.245	3274.245
spe	1699	1699	3029.29	3029.29	3029.29
spe	1705	1705	3153.6549999999997	3153.6549999999997	3153.6549999999997
spe	1649	1649	2610.45	2610.45	2610.45
spe	1675	1675	2804.24	2804.24	2804.24
spe	1609	1609	2402.345	2402.345	2402.345
spe	1690	1690	2975.2349999999997	2975.2349999999997	2975.2349999999997
spe	1557	1557	2237.125	2237.125	2237.125
los	1675	1462	2804.24	1993.08	2398.66
spe	1462	1462	1993.08	1993.08	1993.08
hgt	1675	1462	2804.24	1993.08	2398.66
spe	1635	1635	2577.46	2577.46	2577.46
spe	870	870	790.375	790.375	790.375
spe	1415	1415	1919.7450000000001	1919.7450000000001	1919.7450000000001
spe	1667	1667	2751.94	2751.94	2751.94
spe	1671	1671	2798.9	2798.9	2798.9
los	1557	GCA.001564035.1.Archaea.Nanohaloarchaeota	2237.125	0.0	1118.5625
hgt	1557	GCA.001564035.1.Archaea.Nanohaloarchaeota	2237.125	0.0	1118.5625
spe	1519	1519	2133.415	2133.415	2133.415
spe	1564	1564	2296.265	2296.265	2296.265
dup	870	GCA.002083985.1.Archaea.Altiarchaeota	790.375	0.0	395.1875
hgt	870	GCA.002083985.1.Archaea.Altiarchaeota	790.375	0.0	395.1875
hgt	870	GCA.002083985.1.Archaea.Altiarchaeota	790.375	0.0	395.1875
los	1415	1072	1919.7450000000001	1492.545	1706.145
spe	1548	1548	2176.73	2176.73	2176.73
los	1667	1661	2751.94	2705.465	2728.7025000000003
spe	1640	1640	2626.73	2626.73	2626.73
spe	1645	1645	2653.5150000000003	2653.5150000000003	2653.5150000000003
spe	1296	1296	1724.445	1724.445	1724.445
spe	1323	1323	1758.165	1758.165	1758.165
spe	1442	1442	1962.0149999999999	1962.0149999999999	1962.0149999999999
spe	1418	1418	1886.455	1886.455	1886.455
spe	1322	1322	1770.9250000000002	1770.9250000000002	1770.9250000000002
spe	1631	1631	2558.825	2558.825	2558.825
hgt	1661	1631	2705.465	2558.825	2632.145
los	1640	GCF.000019605.1.Archaea.Thermoproteota	2626.73	0.0	1313.365
hgt	1640	GCF.000019605.1.Archaea.Thermoproteota	2626.73	0.0	1313.365
hgt	1640	GCF.000019605.1.Archaea.Thermoproteota	2626.73	0.0	1313.365
spe	1621	1621	2517.75	2517.75	2517.75
los	1645	1424	2653.5150000000003	1902.65	2278.0825000000004
spe	1622	1622	2527.615	2527.615	2527.615
los	1296	GCA.002779595.1.Archaea.Nanoarchaeota	1724.445	0.0	862.2225
hgt	1296	GCA.002779595.1.Archaea.Nanoarchaeota	1724.445	0.0	862.2225
los	1323	GCA.002505525.1.Archaea.Nanoarchaeota	1758.165	0.0	879.0825
los	1442	GCA.002789275.1.Archaea.Huberarchaeota	1962.0149999999999	0.0	981.0074999999999
los	1418	GCF.002201895.1.Archaea.Euryarchaeota	1886.455	0.0	943.2275
hgt	1418	GCF.002201895.1.Archaea.Euryarchaeota	1886.455	0.0	943.2275
hgt	1493	GCA.003230355.1.Archaea.Hydrothermarchaeota	2027.525	0.0	1013.7625
hgt	1493	GCA.002502135.1.Archaea.Undinarchaeota	2027.525	0.0	1013.7625
dup	1631	GCF.000025525.1.Archaea.Methanobacteriota.A	2558.825	0.0	1279.4125
dup	1631	GCF.000025525.1.Archaea.Methanobacteriota.A	2558.825	0.0	1279.4125
spe	1610	1610	2447.115	2447.115	2447.115
spe	1540	1540	2214.8	2214.8	2214.8
spe	1588	1588	2383.6549999999997	2383.6549999999997	2383.6549999999997
hgt	1424	GCA.001563325.1.Archaea.Asgardarchaeota	1902.65	0.0	951.325
los	1622	GCA.001940665.1.Archaea.Asgardarchaeota	2527.615	0.0	1263.8075
spe	1606	1606	2445.1400000000003	2445.1400000000003	2445.1400000000003
spe	1511	1511	2126.625	2126.625	2126.625
spe	1523	1523	2166.265	2166.265	2166.265
spe	1358	1358	1798.4299999999998	1798.4299999999998	1798.4299999999998
spe	1398	1398	1863.195	1863.195	1863.195
los	1588	1509	2383.6549999999997	2123.145	2253.3999999999996
spe	1524	1524	2168.41	2168.41	2168.41
spe	1518	1518	2127.23	2127.23	2127.23
dup	1606	1354	2445.1400000000003	1813.355	2129.2475000000004
dup	1606	1354	2445.1400000000003	1813.355	2129.2475000000004
dup	1606	1354	2445.1400000000003	1813.355	2129.2475000000004
dup	1606	1354	2445.1400000000003	1813.355	2129.2475000000004
dup	1606	1354	2445.1400000000003	1813.355	2129.2475000000004
spe	1354	1354	1813.355	1813.355	1813.355
spe	1354	1354	1813.355	1813.355	1813.355
spe	1354	1354	1813.355	1813.355	1813.355
spe	1354	1354	1813.355	1813.355	1813.355
spe	1354	1354	1813.355	1813.355	1813.355
spe	1354	1354	1813.355	1813.355	1813.355
spe	1430	1430	1938.605	1938.605	1938.605
spe	1428	1428	1947.5100000000002	1947.5100000000002	1947.5100000000002
spe	1447	1447	1969.495	1969.495	1969.495
spe	1176	1176	1577.935	1577.935	1577.935
los	1358	GCA.002254745.1.Archaea.Thermoproteota	1798.4299999999998	0.0	899.2149999999999
spe	1127	1127	1515.1799999999998	1515.1799999999998	1515.1799999999998
hgt	1509	GCA.002495485.1.Archaea.Thermoproteota	2123.145	0.0	1061.5725
spe	1461	1461	1998.805	1998.805	1998.805
hgt	1509	1461	2123.145	1998.805	2060.975
spe	1474	1474	2026.55	2026.55	2026.55
spe	1187	1187	1579.1	1579.1	1579.1
spe	1103	1103	1481.835	1481.835	1481.835
dup	1354	1231	1813.355	1645.2649999999999	1729.31
spe	1231	1231	1645.2649999999999	1645.2649999999999	1645.2649999999999
spe	1231	1231	1645.2649999999999	1645.2649999999999	1645.2649999999999
spe	1231	1231	1645.2649999999999	1645.2649999999999	1645.2649999999999
spe	1231	1231	1645.2649999999999	1645.2649999999999	1645.2649999999999
spe	1231	1231	1645.2649999999999	1645.2649999999999	1645.2649999999999
spe	1231	1231	1645.2649999999999	1645.2649999999999	1645.2649999999999
spe	1231	1231	1645.2649999999999	1645.2649999999999	1645.2649999999999
hgt	1354	GCA.000002435.2.Eukaryota.Fornicata	1813.355	0.0	906.6775
spe	1299	1299	1716.1399999999999	1716.1399999999999	1716.1399999999999
spe	1178	1178	1580.44	1580.44	1580.44
spe	1355	1355	1811.47	1811.47	1811.47
spe	1281	1281	1695.025	1695.025	1695.025
spe	1257	1257	1616.7	1616.7	1616.7
spe	1360	1360	1812.405	1812.405	1812.405
spe	992	992	1356.82	1356.82	1356.82
los	1127	GCA.001717025.1.Archaea.Thermoproteota	1515.1799999999998	0.0	757.5899999999999
hgt	1127	GCA.001717025.1.Archaea.Thermoproteota	1515.1799999999998	0.0	757.5899999999999
spe	1274	1274	1643.05	1643.05	1643.05
spe	1385	1385	1853.335	1853.335	1853.335
spe	1361	1361	1807.5249999999999	1807.5249999999999	1807.5249999999999
hgt	1474	1361	2026.55	1807.5249999999999	1917.0375
los	1103	GCA.003144275.1.Archaea.Asgardarchaeota	1481.835	0.0	740.9175
hgt	1231	GCA.000189635.1.Eukaryota.Ciliophora	1645.2649999999999	0.0	822.6324999999999
hgt	1231	GCA.000189635.1.Eukaryota.Ciliophora	1645.2649999999999	0.0	822.6324999999999
spe	1091	1091	1475.775	1475.775	1475.775
spe	1091	1091	1475.775	1475.775	1475.775
spe	1091	1091	1475.775	1475.775	1475.775
spe	1091	1091	1475.775	1475.775	1475.775
spe	1091	1091	1475.775	1475.775	1475.775
spe	1091	1091	1475.775	1475.775	1475.775
spe	1091	1091	1475.775	1475.775	1475.775
spe	1091	1091	1475.775	1475.775	1475.775
hgt	1231	1091	1645.2649999999999	1475.775	1560.52
spe	1118	1118	1480.595	1480.595	1480.595
los	1178	973	1580.44	1320.27	1450.355
los	1355	GCA.002497685.1.Archaea.Thermoplasmatota	1811.47	0.0	905.735
spe	1141	1141	1534.115	1534.115	1534.115
spe	1116	1116	1500.29	1500.29	1500.29
los	1257	GCF.000194625.1.Archaea.Halobacteriota	1616.7	0.0	808.35
spe	1055	1055	1412.42	1412.42	1412.42
spe	1256	1256	1663.625	1663.625	1663.625
spe	1256	1256	1663.625	1663.625	1663.625
hgt	1360	1256	1812.405	1663.625	1738.0149999999999
los	992	GCF.000092185.1.Archaea.Thermoproteota	1356.82	0.0	678.41
hgt	992	GCF.000092185.1.Archaea.Thermoproteota	1356.82	0.0	678.41
los	1274	GCA.002255025.1.Archaea.Thermoproteota	1643.05	0.0	821.525
spe	1240	1240	1643.115	1643.115	1643.115
los	1385	1057	1853.335	1422.225	1637.78
spe	1249	1249	1643.645	1643.645	1643.645
spe	1115	1115	1484.13	1484.13	1484.13
los	1091	927	1475.775	1215.125	1345.45
los	1091	927	1475.775	1215.125	1345.45
spe	927	927	1215.125	1215.125	1215.125
spe	927	927	1215.125	1215.125	1215.125
spe	927	927	1215.125	1215.125	1215.125
spe	927	927	1215.125	1215.125	1215.125
spe	927	927	1215.125	1215.125	1215.125
spe	927	927	1215.125	1215.125	1215.125
spe	1020	1020	1389.275	1389.275	1389.275
spe	1020	1020	1389.275	1389.275	1389.275
spe	1020	1020	1389.275	1389.275	1389.275
spe	1020	1020	1389.275	1389.275	1389.275
spe	1020	1020	1389.275	1389.275	1389.275
spe	1020	1020	1389.275	1389.275	1389.275
spe	1020	1020	1389.275	1389.275	1389.275
spe	1020	1020	1389.275	1389.275	1389.275
spe	1020	1020	1389.275	1389.275	1389.275
hgt	1091	1020	1475.775	1389.275	1432.525
los	1118	GCA.002495235.1.Archaea.Thermoplasmatota	1480.595	0.0	740.2975
spe	950	950	1276.4450000000002	1276.4450000000002	1276.4450000000002
spe	938	938	1261.09	1261.09	1261.09
los	1256	1015	1663.625	1371.3049999999998	1517.465
spe	1015	1015	1371.3049999999998	1371.3049999999998	1371.3049999999998
spe	1143	1143	1542.125	1542.125	1542.125
spe	1143	1143	1542.125	1542.125	1542.125
spe	903	903	1108.5584999999999	1108.5584999999999	1108.5584999999999
spe	875	875	925.9285	925.9285	925.9285
los	1115	GCA.002506605.1.Archaea.Thermoproteota	1484.13	0.0	742.065
hgt	1115	GCA.002506605.1.Archaea.Thermoproteota	1484.13	0.0	742.065
los	927	GCA.000315625.1.Eukaryota.Cryptophyceae	1215.125	0.0	607.5625
los	927	GCA.000315625.1.Eukaryota.Cryptophyceae	1215.125	0.0	607.5625
los	927	GCA.000315625.1.Eukaryota.Cryptophyceae	1215.125	0.0	607.5625
los	927	GCA.000315625.1.Eukaryota.Cryptophyceae	1215.125	0.0	607.5625
los	927	GCA.000315625.1.Eukaryota.Cryptophyceae	1215.125	0.0	607.5625
los	927	GCA.000315625.1.Eukaryota.Cryptophyceae	1215.125	0.0	607.5625
hgt	927	GCA.000315625.1.Eukaryota.Cryptophyceae	1215.125	0.0	607.5625
hgt	927	GCA.000315625.1.Eukaryota.Cryptophyceae	1215.125	0.0	607.5625
hgt	927	GCA.000315625.1.Eukaryota.Cryptophyceae	1215.125	0.0	607.5625
hgt	927	GCA.000315625.1.Eukaryota.Cryptophyceae	1215.125	0.0	607.5625
los	1020	943	1389.275	1269.475	1329.375
spe	943	943	1269.475	1269.475	1269.475
spe	943	943	1269.475	1269.475	1269.475
spe	943	943	1269.475	1269.475	1269.475
spe	943	943	1269.475	1269.475	1269.475
spe	943	943	1269.475	1269.475	1269.475
spe	943	943	1269.475	1269.475	1269.475
spe	943	943	1269.475	1269.475	1269.475
spe	943	943	1269.475	1269.475	1269.475
los	1020	923	1389.275	1219.565	1304.42
spe	923	923	1219.565	1219.565	1219.565
spe	923	923	1219.565	1219.565	1219.565
spe	923	923	1219.565	1219.565	1219.565
spe	923	923	1219.565	1219.565	1219.565
spe	923	923	1219.565	1219.565	1219.565
spe	923	923	1219.565	1219.565	1219.565
spe	923	923	1219.565	1219.565	1219.565
spe	923	923	1219.565	1219.565	1219.565
hgt	950	GCA.002878135.1.Archaea.Thermoplasmatota	1276.4450000000002	0.0	638.2225000000001
los	938	GCA.001595885.1.Archaea.Thermoplasmatota	1261.09	0.0	630.545
los	1015	GCF.002114285.1.Archaea.Halobacteriota	1371.3049999999998	0.0	685.6524999999999
los	1143	GCA.002256595.1.Archaea.Halobacteriota	1542.125	0.0	771.0625
los	1143	1013	1542.125	1366.345	1454.2350000000001
spe	1013	1013	1366.345	1366.345	1366.345
dup	875	GCA.002011085.1.Archaea.Thermoproteota	925.9285	0.0	462.96425
hgt	943	GCA.015473125.1.Eukaryota.Viridiplantae	1269.475	0.0	634.7375
los	943	888	1269.475	1084.09	1176.7824999999998
spe	888	888	1084.09	1084.09	1084.09
spe	888	888	1084.09	1084.09	1084.09
spe	888	888	1084.09	1084.09	1084.09
spe	888	888	1084.09	1084.09	1084.09
spe	888	888	1084.09	1084.09	1084.09
spe	888	888	1084.09	1084.09	1084.09
spe	888	888	1084.09	1084.09	1084.09
dup	923	GCA.000004985.1.Eukaryota.Heterolobosea	1219.565	0.0	609.7825
los	923	GCA.000004985.1.Eukaryota.Heterolobosea	1219.565	0.0	609.7825
los	923	GCA.000004985.1.Eukaryota.Heterolobosea	1219.565	0.0	609.7825
los	923	GCA.000004985.1.Eukaryota.Heterolobosea	1219.565	0.0	609.7825
los	923	GCA.000004985.1.Eukaryota.Heterolobosea	1219.565	0.0	609.7825
los	923	GCA.000004985.1.Eukaryota.Heterolobosea	1219.565	0.0	609.7825
hgt	923	GCA.000004985.1.Eukaryota.Heterolobosea	1219.565	0.0	609.7825
hgt	923	GCA.000004985.1.Eukaryota.Heterolobosea	1219.565	0.0	609.7825
los	923	876	1219.565	946.8465	1083.20575
spe	876	876	946.8465	946.8465	946.8465
spe	876	876	946.8465	946.8465	946.8465
spe	876	876	946.8465	946.8465	946.8465
spe	876	876	946.8465	946.8465	946.8465
spe	876	876	946.8465	946.8465	946.8465
spe	876	876	946.8465	946.8465	946.8465
spe	876	876	946.8465	946.8465	946.8465
spe	876	876	946.8465	946.8465	946.8465
hgt	923	876	1219.565	946.8465	1083.20575
spe	911	911	1169.1970000000001	1169.1970000000001	1169.1970000000001
hgt	888	GCF.000091205.1.Eukaryota.Rhodophyta	1084.09	0.0	542.045
los	888	GCA.002049455.2.Eukaryota.Rhodophyta	1084.09	0.0	542.045
los	888	GCA.002049455.2.Eukaryota.Rhodophyta	1084.09	0.0	542.045
los	888	GCA.002049455.2.Eukaryota.Rhodophyta	1084.09	0.0	542.045
los	888	GCA.002049455.2.Eukaryota.Rhodophyta	1084.09	0.0	542.045
los	888	GCA.002049455.2.Eukaryota.Rhodophyta	1084.09	0.0	542.045
los	876	GCA.000209225.1.Eukaryota.Cnidaria	946.8465	0.0	473.42325
los	876	GCA.000209225.1.Eukaryota.Cnidaria	946.8465	0.0	473.42325
los	876	GCA.000209225.1.Eukaryota.Cnidaria	946.8465	0.0	473.42325
spe	869	869	694.719	694.719	694.719
spe	869	869	694.719	694.719	694.719
spe	869	869	694.719	694.719	694.719
spe	869	869	694.719	694.719	694.719
spe	869	869	694.719	694.719	694.719
spe	869	869	694.719	694.719	694.719
spe	869	869	694.719	694.719	694.719
spe	869	869	694.719	694.719	694.719
los	869	GCA.000188695.1.Eukaryota.Choanoflagellata	694.719	0.0	347.3595
