event	left node	right node	left date	right date	midpoint date
los	1730	UNSAMPLED	?	0.0	?
los	1730	UNSAMPLED	?	0.0	?
los	1730	UNSAMPLED	?	0.0	?
los	1730	UNSAMPLED	?	0.0	?
los	1730	UNSAMPLED	?	0.0	?
los	1730	UNSAMPLED	?	0.0	?
hgt	1730	UNSAMPLED	?	0.0	?
hgt	1730	UNSAMPLED	?	0.0	?
hgt	1730	UNSAMPLED	?	0.0	?
hgt	1730	UNSAMPLED	?	0.0	?
hgt	1730	UNSAMPLED	?	0.0	?
dup	1716	GCA.001889985.1.Archaea.Micrarchaeota	3318.57	0.0	1659.285
spe	1711	1711	3274.245	3274.245	3274.245
spe	1699	1699	3029.29	3029.29	3029.29
spe	1705	1705	3153.6549999999997	3153.6549999999997	3153.6549999999997
los	1699	1649	3029.29	2610.45	2819.87
spe	1675	1675	2804.24	2804.24	2804.24
spe	1609	1609	2402.345	2402.345	2402.345
spe	1690	1690	2975.2349999999997	2975.2349999999997	2975.2349999999997
hgt	1649	GCA.002789635.1.Archaea.Aenigmatarchaeota	2610.45	0.0	1305.225
spe	1462	1462	1993.08	1993.08	1993.08
spe	1635	1635	2577.46	2577.46	2577.46
los	1609	870	2402.345	790.375	1596.36
spe	1415	1415	1919.7450000000001	1919.7450000000001	1919.7450000000001
spe	1667	1667	2751.94	2751.94	2751.94
spe	1671	1671	2798.9	2798.9	2798.9
los	1462	GCA.002779075.1.Archaea.Iainarchaeota	1993.08	0.0	996.54
spe	1519	1519	2133.415	2133.415	2133.415
spe	1564	1564	2296.265	2296.265	2296.265
hgt	870	GCA.002841105.1.Archaea.Altiarchaeota	790.375	0.0	395.1875
spe	1072	1072	1492.545	1492.545	1492.545
spe	1548	1548	2176.73	2176.73	2176.73
spe	1661	1661	2705.465	2705.465	2705.465
spe	1640	1640	2626.73	2626.73	2626.73
spe	1645	1645	2653.5150000000003	2653.5150000000003	2653.5150000000003
spe	1296	1296	1724.445	1724.445	1724.445
spe	1323	1323	1758.165	1758.165	1758.165
spe	1442	1442	1962.0149999999999	1962.0149999999999	1962.0149999999999
los	1548	1418	2176.73	1886.455	2031.5925
spe	1322	1322	1770.9250000000002	1770.9250000000002	1770.9250000000002
spe	1493	1493	2027.525	2027.525	2027.525
los	1661	1631	2705.465	2558.825	2632.145
los	1640	GCF.000019605.1.Archaea.Thermoproteota	2626.73	0.0	1313.365
spe	1621	1621	2517.75	2517.75	2517.75
spe	1424	1424	1902.65	1902.65	1902.65
los	1645	1622	2653.5150000000003	2527.615	2590.565
los	1323	GCA.002505525.1.Archaea.Nanoarchaeota	1758.165	0.0	879.0825
los	1442	GCA.002789275.1.Archaea.Huberarchaeota	1962.0149999999999	0.0	981.0074999999999
hgt	1418	GCF.002201895.1.Archaea.Euryarchaeota	1886.455	0.0	943.2275
hgt	1322	GCF.002214485.1.Archaea.Methanobacteriota.B	1770.9250000000002	0.0	885.4625000000001
los	1493	GCA.002502135.1.Archaea.Undinarchaeota	2027.525	0.0	1013.7625
hgt	1493	GCA.002502135.1.Archaea.Undinarchaeota	2027.525	0.0	1013.7625
spe	1540	1540	2214.8	2214.8	2214.8
spe	1588	1588	2383.6549999999997	2383.6549999999997	2383.6549999999997
los	1424	GCA.001940655.1.Archaea.Asgardarchaeota	1902.65	0.0	951.325
hgt	1424	GCA.001940655.1.Archaea.Asgardarchaeota	1902.65	0.0	951.325
spe	1523	1523	2166.265	2166.265	2166.265
hgt	1610	1523	2447.115	2166.265	2306.6899999999996
spe	1358	1358	1798.4299999999998	1798.4299999999998	1798.4299999999998
los	1540	1398	2214.8	1863.195	2038.9975
spe	1509	1509	2123.145	2123.145	2123.145
los	1588	1524	2383.6549999999997	2168.41	2276.0325
hgt	1588	1524	2383.6549999999997	2168.41	2276.0325
hgt	1523	GCA.003034855.1.Archaea.Halobacteriota	2166.265	0.0	1083.1325
spe	1447	1447	1969.495	1969.495	1969.495
spe	1176	1176	1577.935	1577.935	1577.935
spe	1461	1461	1998.805	1998.805	1998.805
hgt	1524	GCA.002255045.1.Archaea.Thermoproteota	2168.41	0.0	1084.205
spe	1257	1257	1616.7	1616.7	1616.7
spe	1360	1360	1812.405	1812.405	1812.405
spe	992	992	1356.82	1356.82	1356.82
los	1176	GCF.000011205.1.Archaea.Thermoproteota	1577.935	0.0	788.9675
hgt	1176	GCF.000011205.1.Archaea.Thermoproteota	1577.935	0.0	788.9675
hgt	1127	GCA.001717025.1.Archaea.Thermoproteota	1515.1799999999998	0.0	757.5899999999999
spe	1274	1274	1643.05	1643.05	1643.05
spe	1385	1385	1853.335	1853.335	1853.335
hgt	1187	GCA.001940755.1.Archaea.Asgardarchaeota	1579.1	0.0	789.55
hgt	1299	GCA.003009755.1.Archaea.Thermoplasmatota	1716.1399999999999	0.0	858.0699999999999
hgt	1178	GCA.002011355.1.Archaea.Thermoplasmatota	1580.44	0.0	790.22
hgt	1178	GCA.002011355.1.Archaea.Thermoplasmatota	1580.44	0.0	790.22
hgt	1281	GCA.002495185.1.Archaea.Thermoplasmatota	1695.025	0.0	847.5125
spe	1055	1055	1412.42	1412.42	1412.42
spe	1256	1256	1663.625	1663.625	1663.625
los	992	GCF.001481685.1.Archaea.Thermoproteota	1356.82	0.0	678.41
hgt	992	GCF.001481685.1.Archaea.Thermoproteota	1356.82	0.0	678.41
hgt	1274	GCA.002255025.1.Archaea.Thermoproteota	1643.05	0.0	821.525
los	1385	1240	1853.335	1643.115	1748.225
spe	1057	1057	1422.225	1422.225	1422.225
spe	1115	1115	1484.13	1484.13	1484.13
hgt	1361	1115	1807.5249999999999	1484.13	1645.8274999999999
hgt	1118	GCA.002494765.1.Archaea.Thermoplasmatota	1480.595	0.0	740.2975
hgt	973	GCA.001595945.1.Archaea.Thermoplasmatota	1320.27	0.0	660.135
hgt	1141	GCF.002078355.1.Archaea.Thermoplasmatota	1534.115	0.0	767.0575
spe	950	950	1276.4450000000002	1276.4450000000002	1276.4450000000002
hgt	1141	950	1534.115	1276.4450000000002	1405.2800000000002
hgt	1116	GCA.001421185.1.Archaea.Thermoplasmatota	1500.29	0.0	750.145
los	1256	1015	1663.625	1371.3049999999998	1517.465
spe	1143	1143	1542.125	1542.125	1542.125
spe	903	903	1108.5584999999999	1108.5584999999999	1108.5584999999999
hgt	1240	903	1643.115	1108.5584999999999	1375.83675
hgt	1240	GCA.001593855.1.Archaea.Thermoproteota	1643.115	0.0	821.5575
hgt	1249	GCA.001510295.1.Archaea.Thermoproteota	1643.645	0.0	821.8225
hgt	938	GCA.001800745.1.Archaea.Thermoplasmatota	1261.09	0.0	630.545
hgt	1015	GCF.002114285.1.Archaea.Halobacteriota	1371.3049999999998	0.0	685.6524999999999
hgt	1015	GCA.003158275.1.Archaea.Halobacteriota	1371.3049999999998	0.0	685.6524999999999
los	1143	1013	1542.125	1366.345	1454.2350000000001
spe	911	911	1169.1970000000001	1169.1970000000001	1169.1970000000001
hgt	1013	911	1366.345	1169.1970000000001	1267.7710000000002
hgt	1013	GCA.001412335.1.Archaea.Halobacteriota	1366.345	0.0	683.1725
