event	left node	right node	left date	right date	midpoint date
los	1730	UNSAMPLED	?	0.0	?
los	1730	UNSAMPLED	?	0.0	?
los	1730	UNSAMPLED	?	0.0	?
los	1730	UNSAMPLED	?	0.0	?
los	1730	UNSAMPLED	?	0.0	?
los	1730	UNSAMPLED	?	0.0	?
los	1730	UNSAMPLED	?	0.0	?
los	1730	UNSAMPLED	?	0.0	?
los	1730	UNSAMPLED	?	0.0	?
los	1730	UNSAMPLED	?	0.0	?
los	1730	UNSAMPLED	?	0.0	?
hgt	1730	UNSAMPLED	?	0.0	?
hgt	1730	UNSAMPLED	?	0.0	?
hgt	1730	UNSAMPLED	?	0.0	?
hgt	1730	UNSAMPLED	?	0.0	?
hgt	1730	UNSAMPLED	?	0.0	?
hgt	1730	UNSAMPLED	?	0.0	?
hgt	1730	UNSAMPLED	?	0.0	?
hgt	1730	UNSAMPLED	?	0.0	?
hgt	1730	UNSAMPLED	?	0.0	?
hgt	1730	UNSAMPLED	?	0.0	?
hgt	1730	UNSAMPLED	?	0.0	?
hgt	1367	GCF.000160475.1.Bacteria.Fusobacteriota	1860.93	0.0	930.465
spe	1390	1390	1896.8449999999998	1896.8449999999998	1896.8449999999998
hgt	1464	1390	2064.13	1896.8449999999998	1980.4875
spe	1190	1190	1617.44	1617.44	1617.44
hgt	1335	1190	1800.3999999999999	1617.44	1708.92
spe	1262	1262	1695.79	1695.79	1695.79
spe	1170	1170	1584.4	1584.4	1584.4
spe	1420	1420	1902.285	1902.285	1902.285
hgt	1615	1420	2397.09	1902.285	2149.6875
spe	1618	1618	2495.045	2495.045	2495.045
hgt	1620	GCF.000484535.1.Bacteria.Cyanobacteria	2510.455	0.0	1255.2275
spe	1584	1584	2371.88	2371.88	2371.88
hgt	1620	1584	2510.455	2371.88	2441.1675
hgt	1513	GCA.002878375.1.Bacteria.Dictyoglomota	2141.115	0.0	1070.5575
hgt	1092	GCA.002399235.1.Bacteria.Firmicutes.G	1478.5900000000001	0.0	739.2950000000001
spe	1041	1041	1426.32	1426.32	1426.32
hgt	1262	GCA.002426645.1.Bacteria.Firmicutes.G	1695.79	0.0	847.895
spe	971	971	1335.97	1335.97	1335.97
los	1170	GCA.002452295.1.Bacteria.Firmicutes.G	1584.4	0.0	792.2
spe	1052	1052	1446.125	1446.125	1446.125
hgt	1420	GCF.000020005.1.Bacteria.Firmicutes.D	1902.285	0.0	951.1425
spe	1007	1007	1418.775	1418.775	1418.775
hgt	1420	1007	1902.285	1418.775	1660.5300000000002
spe	1551	1551	2255.985	2255.985	2255.985
spe	1607	1607	2426.135	2426.135	2426.135
spe	1542	1542	2232.24	2232.24	2232.24
los	1041	940	1426.32	1264.8925	1345.6062499999998
spe	1337	1337	1697.815	1697.815	1697.815
spe	1494	1494	2085.065	2085.065	2085.065
spe	1554	1554	2263.0	2263.0	2263.0
spe	1568	1568	2312.8050000000003	2312.8050000000003	2312.8050000000003
hgt	1607	1568	2426.135	2312.8050000000003	2369.4700000000003
spe	1503	1503	2105.2200000000003	2105.2200000000003	2105.2200000000003
spe	1492	1492	2064.395	2064.395	2064.395
hgt	940	GCA.002396805.1.Bacteria.Firmicutes.G	1264.8925	0.0	632.44625
hgt	940	GCA.001513495.1.Bacteria.Firmicutes.G	1264.8925	0.0	632.44625
los	1337	GCA.002376045.1.Bacteria.Firmicutes.A	1697.815	0.0	848.9075
spe	1429	1429	1953.0900000000001	1953.0900000000001	1953.0900000000001
spe	1456	1456	1989.36	1989.36	1989.36
spe	1477	1477	2039.0500000000002	2039.0500000000002	2039.0500000000002
spe	1213	1213	1602.185	1602.185	1602.185
spe	1550	1550	2240.33	2240.33	2240.33
spe	1362	1362	1717.6950000000002	1717.6950000000002	1717.6950000000002
spe	1460	1460	2001.3500000000001	2001.3500000000001	2001.3500000000001
los	1492	1359	2064.395	1811.9850000000001	1938.19
los	1429	1192	1953.0900000000001	1576.985	1765.0375
spe	1310	1310	1755.96	1755.96	1755.96
los	1456	1233	1989.36	1620.075	1804.7175
spe	1233	1233	1620.075	1620.075	1620.075
hgt	1456	1233	1989.36	1620.075	1804.7175
los	1477	1149	2039.0500000000002	1516.6599999999999	1777.855
spe	1397	1397	1862.4850000000001	1862.4850000000001	1862.4850000000001
spe	1318	1318	1678.19	1678.19	1678.19
los	1550	1483	2240.33	2049.0099999999998	2144.67
los	1362	GCF.002251945.1.Bacteria.Cyanobacteria	1717.6950000000002	0.0	858.8475000000001
hgt	1362	GCF.002251945.1.Bacteria.Cyanobacteria	1717.6950000000002	0.0	858.8475000000001
spe	1184	1184	1509.135	1509.135	1509.135
spe	1426	1426	1938.175	1938.175	1938.175
spe	888	888	1084.09	1084.09	1084.09
hgt	943	888	1269.475	1084.09	1176.7824999999998
spe	1269	1269	1686.58	1686.58	1686.58
spe	1193	1193	1598.315	1598.315	1598.315
spe	1075	1075	1424.27	1424.27	1424.27
hgt	1149	GCF.001950325.1.Bacteria.Firmicutes.B	1516.6599999999999	0.0	758.3299999999999
los	1397	1207	1862.4850000000001	1576.575	1719.5300000000002
spe	1338	1338	1779.53	1779.53	1779.53
spe	1449	1449	1971.49	1971.49	1971.49
hgt	1483	1449	2049.0099999999998	1971.49	2010.25
spe	868	868	796.3525	796.3525	796.3525
hgt	1426	GCF.003838225.1.Bacteria.Cyanobacteria	1938.175	0.0	969.0875
hgt	1426	GCF.003838225.1.Bacteria.Cyanobacteria	1938.175	0.0	969.0875
spe	1401	1401	1887.2350000000001	1887.2350000000001	1887.2350000000001
hgt	1032	GCF.900129115.1.Bacteria.Firmicutes.A	1401.9	0.0	700.95
spe	1152	1152	1548.8899999999999	1548.8899999999999	1548.8899999999999
spe	1078	1078	1451.145	1451.145	1451.145
los	1193	1011	1598.315	1360.255	1479.285
spe	1076	1076	1451.62	1451.62	1451.62
spe	1008	1008	1338.6	1338.6	1338.6
hgt	1075	GCA.002329525.1.Bacteria.Firmicutes.C	1424.27	0.0	712.135
los	1338	1212	1779.53	1606.5500000000002	1693.04
spe	1292	1292	1708.06	1708.06	1708.06
hgt	1163	GCF.002335525.1.Bacteria.Firmicutes	1549.5949999999998	0.0	774.7974999999999
spe	1172	1172	1523.81	1523.81	1523.81
hgt	1449	1172	1971.49	1523.81	1747.65
spe	1423	1423	1907.4450000000002	1907.4450000000002	1907.4450000000002
los	868	867	796.3525	163.12655	479.73952499999996
spe	1291	1291	1635.52	1635.52	1635.52
spe	1364	1364	1825.65	1825.65	1825.65
spe	1364	1364	1825.65	1825.65	1825.65
hgt	1401	1364	1887.2350000000001	1825.65	1856.4425
spe	1018	1018	1387.7150000000001	1387.7150000000001	1387.7150000000001
los	1078	GCA.003527145.1.Bacteria.Firmicutes.A	1451.145	0.0	725.5725
hgt	1078	GCA.003527145.1.Bacteria.Firmicutes.A	1451.145	0.0	725.5725
spe	957	957	1285.645	1285.645	1285.645
spe	944	944	1275.4850000000001	1275.4850000000001	1275.4850000000001
los	1008	918	1338.6	1109.4215	1224.01075
spe	893	893	1065.8455000000001	1065.8455000000001	1065.8455000000001
spe	1216	1216	1607.725	1607.725	1607.725
spe	1034	1034	1384.555	1384.555	1384.555
hgt	1003	GCF.001399675.1.Bacteria.Firmicutes	1365.895	0.0	682.9475
los	1172	GCF.001653195.1.Bacteria.Firmicutes	1523.81	0.0	761.905
hgt	1172	GCF.001653195.1.Bacteria.Firmicutes	1523.81	0.0	761.905
spe	1209	1209	1520.8899999999999	1520.8899999999999	1520.8899999999999
spe	1388	1388	1843.3449999999998	1843.3449999999998	1843.3449999999998
spe	1388	1388	1843.3449999999998	1843.3449999999998	1843.3449999999998
hgt	1423	1388	1907.4450000000002	1843.3449999999998	1875.395
spe	1135	1135	1444.79	1444.79	1444.79
spe	1147	1147	1436.775	1436.775	1436.775
spe	1147	1147	1436.775	1436.775	1436.775
los	1364	1326	1825.65	1773.275	1799.4625
spe	1326	1326	1773.275	1773.275	1773.275
los	1018	GCF.900107485.1.Bacteria.Firmicutes.A	1387.7150000000001	0.0	693.8575000000001
hgt	1018	GCF.900107485.1.Bacteria.Firmicutes.A	1387.7150000000001	0.0	693.8575000000001
spe	922	922	1206.9915	1206.9915	1206.9915
los	957	GCA.002297185.1.Bacteria.Firmicutes.A	1285.645	0.0	642.8225
hgt	900	GCA.002307275.1.Bacteria.Firmicutes.A	1096.349	0.0	548.1745
hgt	918	GCF.002257705.1.Bacteria.Firmicutes.C	1109.4215	0.0	554.71075
spe	885	885	950.2895	950.2895	950.2895
hgt	918	885	1109.4215	950.2895	1029.8555
hgt	990	GCF.000620305.1.Bacteria.Firmicutes.B	1333.3400000000001	0.0	666.6700000000001
hgt	990	GCA.002418765.1.Bacteria.Firmicutes.B	1333.3400000000001	0.0	666.6700000000001
hgt	1086	GCA.000987045.1.Bacteria.Firmicutes.B	1451.1	0.0	725.55
spe	1140	1140	1519.645	1519.645	1519.645
los	1034	GCA.001512665.1.Bacteria.Firmicutes.B	1384.555	0.0	692.2775
los	1388	1297	1843.3449999999998	1688.26	1765.8024999999998
spe	1297	1297	1688.26	1688.26	1688.26
spe	1350	1350	1785.675	1785.675	1785.675
spe	1350	1350	1785.675	1785.675	1785.675
los	1135	GCA.001698445.1.Bacteria.Cyanobacteria	1444.79	0.0	722.395
hgt	1135	GCA.001698445.1.Bacteria.Cyanobacteria	1444.79	0.0	722.395
los	1147	GCF.002215035.1.Bacteria.Cyanobacteria	1436.775	0.0	718.3875
los	1147	GCF.000353285.1.Bacteria.Cyanobacteria	1436.775	0.0	718.3875
hgt	1147	GCF.000353285.1.Bacteria.Cyanobacteria	1436.775	0.0	718.3875
los	1326	1224	1773.275	1634.795	1704.035
spe	1224	1224	1634.795	1634.795	1634.795
hgt	1326	1224	1773.275	1634.795	1704.035
los	922	GCA.900066305.1.Bacteria.Firmicutes.A	1206.9915	0.0	603.49575
hgt	922	GCA.900066305.1.Bacteria.Firmicutes.A	1206.9915	0.0	603.49575
spe	969	969	1284.875	1284.875	1284.875
los	1140	921	1519.645	1148.381	1334.013
spe	1047	1047	1373.121	1373.121	1373.121
spe	1132	1132	1481.1	1481.1	1481.1
los	1350	GCF.001049895.1.Bacteria.Firmicutes	1785.675	0.0	892.8375
spe	1317	1317	1743.2350000000001	1743.2350000000001	1743.2350000000001
spe	1317	1317	1743.2350000000001	1743.2350000000001	1743.2350000000001
spe	866	866	34.435	34.435	34.435
spe	910	910	920.2075	920.2075	920.2075
los	969	GCF.002607855.1.Bacteria.Firmicutes.B	1284.875	0.0	642.4375
hgt	969	GCF.002607855.1.Bacteria.Firmicutes.B	1284.875	0.0	642.4375
los	1317	1095	1743.2350000000001	1426.77	1585.0025
spe	1095	1095	1426.77	1426.77	1426.77
los	1317	1232	1743.2350000000001	1618.42	1680.8275
spe	1232	1232	1618.42	1618.42	1618.42
spe	871	871	795.3699999999999	795.3699999999999	795.3699999999999
hgt	882	GCF.002224645.1.Bacteria.Firmicutes.B	955.8	0.0	477.9
hgt	1232	GCF.001908175.1.Bacteria.Firmicutes	1618.42	0.0	809.21
spe	1171	1171	1551.145	1551.145	1551.145
los	1171	1110	1551.145	1475.0	1513.0725
spe	959	959	1258.375	1258.375	1258.375
hgt	1110	959	1475.0	1258.375	1366.6875
hgt	1024	GCF.000178255.1.Bacteria.Firmicutes	1363.0	0.0	681.5
hgt	912	GCA.000433675.1.Bacteria.Firmicutes	1146.836	0.0	573.418
hgt	874	GCF.000702165.1.Bacteria.Firmicutes	915.9280000000001	0.0	457.96400000000006
hgt	874	GCA.900320745.1.Bacteria.Firmicutes	915.9280000000001	0.0	457.96400000000006
