event	left node	right node	left date	right date	midpoint date
los	1730	UNSAMPLED	?	0.0	?
los	1730	UNSAMPLED	?	0.0	?
hgt	1730	UNSAMPLED	?	0.0	?
hgt	1730	UNSAMPLED	?	0.0	?
spe	1548	1548	2176.73	2176.73	2176.73
hgt	1667	1548	2751.94	2176.73	2464.335
spe	1418	1418	1886.455	1886.455	1886.455
hgt	1548	1418	2176.73	1886.455	2031.5925
spe	1322	1322	1770.9250000000002	1770.9250000000002	1770.9250000000002
spe	1621	1621	2517.75	2517.75	2517.75
hgt	1442	GCA.000387965.1.Archaea.Nanoarchaeota	1962.0149999999999	0.0	981.0074999999999
los	1418	GCA.001587715.1.Archaea.Methanobacteriota.B	1886.455	0.0	943.2275
hgt	1322	GCA.001515205.2.Archaea.Hadarchaeota	1770.9250000000002	0.0	885.4625000000001
spe	1540	1540	2214.8	2214.8	2214.8
spe	1588	1588	2383.6549999999997	2383.6549999999997	2383.6549999999997
hgt	1622	GCA.001940665.1.Archaea.Asgardarchaeota	2527.615	0.0	1263.8075
spe	1358	1358	1798.4299999999998	1798.4299999999998	1798.4299999999998
spe	1398	1398	1863.195	1863.195	1863.195
spe	1509	1509	2123.145	2123.145	2123.145
hgt	1588	1509	2383.6549999999997	2123.145	2253.3999999999996
spe	1524	1524	2168.41	2168.41	2168.41
hgt	1523	GCA.003034855.1.Archaea.Halobacteriota	2166.265	0.0	1083.1325
spe	1447	1447	1969.495	1969.495	1969.495
hgt	1523	1447	2166.265	1969.495	2067.88
los	1358	1176	1798.4299999999998	1577.935	1688.1825
los	1398	1127	1863.195	1515.1799999999998	1689.1875
spe	1461	1461	1998.805	1998.805	1998.805
spe	1474	1474	2026.55	2026.55	2026.55
spe	1103	1103	1481.835	1481.835	1481.835
hgt	1518	1103	2127.23	1481.835	1804.5325
spe	1231	1231	1645.2649999999999	1645.2649999999999	1645.2649999999999
hgt	1354	1231	1813.355	1645.2649999999999	1729.31
spe	1257	1257	1616.7	1616.7	1616.7
spe	1360	1360	1812.405	1812.405	1812.405
hgt	1176	GCF.000011205.1.Archaea.Thermoproteota	1577.935	0.0	788.9675
hgt	1127	GCA.001717025.1.Archaea.Thermoproteota	1515.1799999999998	0.0	757.5899999999999
spe	1274	1274	1643.05	1643.05	1643.05
spe	1385	1385	1853.335	1853.335	1853.335
spe	1361	1361	1807.5249999999999	1807.5249999999999	1807.5249999999999
spe	1091	1091	1475.775	1475.775	1475.775
hgt	1299	GCA.003009755.1.Archaea.Thermoplasmatota	1716.1399999999999	0.0	858.0699999999999
los	1360	1055	1812.405	1412.42	1612.4125
spe	1256	1256	1663.625	1663.625	1663.625
hgt	992	GCF.001481685.1.Archaea.Thermoproteota	1356.82	0.0	678.41
hgt	992	GCF.000092185.1.Archaea.Thermoproteota	1356.82	0.0	678.41
los	1274	GCA.001593865.1.Archaea.Thermoproteota	1643.05	0.0	821.525
los	1385	1240	1853.335	1643.115	1748.225
spe	1057	1057	1422.225	1422.225	1422.225
spe	1249	1249	1643.645	1643.645	1643.645
spe	1115	1115	1484.13	1484.13	1484.13
los	1091	927	1475.775	1215.125	1345.45
spe	1020	1020	1389.275	1389.275	1389.275
hgt	1055	GCA.001766825.1.Archaea.Halobacteriota	1412.42	0.0	706.21
spe	1015	1015	1371.3049999999998	1371.3049999999998	1371.3049999999998
spe	1143	1143	1542.125	1542.125	1542.125
spe	875	875	925.9285	925.9285	925.9285
los	1249	GCA.001510295.1.Archaea.Thermoproteota	1643.645	0.0	821.8225
hgt	1249	GCA.001510295.1.Archaea.Thermoproteota	1643.645	0.0	821.8225
hgt	927	GCF.000165345.1.Eukaryota.Apicocomplexa	1215.125	0.0	607.5625
spe	943	943	1269.475	1269.475	1269.475
spe	923	923	1219.565	1219.565	1219.565
los	1015	GCA.003158275.1.Archaea.Halobacteriota	1371.3049999999998	0.0	685.6524999999999
spe	1013	1013	1366.345	1366.345	1366.345
hgt	903	GCA.001774245.1.Archaea.Thermoproteota	1108.5584999999999	0.0	554.2792499999999
spe	888	888	1084.09	1084.09	1084.09
los	923	GCA.000004985.1.Eukaryota.Heterolobosea	1219.565	0.0	609.7825
spe	876	876	946.8465	946.8465	946.8465
spe	911	911	1169.1970000000001	1169.1970000000001	1169.1970000000001
los	1013	GCA.001412335.1.Archaea.Halobacteriota	1366.345	0.0	683.1725
los	876	GCA.000209225.1.Eukaryota.Cnidaria	946.8465	0.0	473.42325
spe	869	869	694.719	694.719	694.719
los	911	GCF.000970205.1.Archaea.Halobacteriota	1169.1970000000001	0.0	584.5985000000001
los	869	GCA.000188695.1.Eukaryota.Choanoflagellata	694.719	0.0	347.3595
