event	left node	right node	left date	right date	midpoint date
los	1730	UNSAMPLED	?	0.0	?
los	1730	UNSAMPLED	?	0.0	?
los	1730	UNSAMPLED	?	0.0	?
hgt	1730	UNSAMPLED	?	0.0	?
hgt	1730	UNSAMPLED	?	0.0	?
dup	1606	1354	2445.1400000000003	1813.355	2129.2475000000004
spe	1354	1354	1813.355	1813.355	1813.355
spe	1354	1354	1813.355	1813.355	1813.355
spe	1231	1231	1645.2649999999999	1645.2649999999999	1645.2649999999999
spe	1231	1231	1645.2649999999999	1645.2649999999999	1645.2649999999999
dup	1231	GCA.000189635.1.Eukaryota.Ciliophora	1645.2649999999999	0.0	822.6324999999999
spe	1091	1091	1475.775	1475.775	1475.775
spe	1091	1091	1475.775	1475.775	1475.775
los	1091	927	1475.775	1215.125	1345.45
spe	927	927	1215.125	1215.125	1215.125
dup	1091	1020	1475.775	1389.275	1432.525
spe	1020	1020	1389.275	1389.275	1389.275
spe	1020	1020	1389.275	1389.275	1389.275
spe	1020	1020	1389.275	1389.275	1389.275
spe	1020	1020	1389.275	1389.275	1389.275
hgt	1091	1020	1475.775	1389.275	1432.525
los	927	GCA.000315625.1.Eukaryota.Cryptophyceae	1215.125	0.0	607.5625
spe	943	943	1269.475	1269.475	1269.475
spe	943	943	1269.475	1269.475	1269.475
spe	943	943	1269.475	1269.475	1269.475
spe	943	943	1269.475	1269.475	1269.475
los	1020	923	1389.275	1219.565	1304.42
spe	923	923	1219.565	1219.565	1219.565
spe	923	923	1219.565	1219.565	1219.565
spe	923	923	1219.565	1219.565	1219.565
dup	943	GCA.015473125.1.Eukaryota.Viridiplantae	1269.475	0.0	634.7375
dup	943	GCA.015473125.1.Eukaryota.Viridiplantae	1269.475	0.0	634.7375
los	943	GCA.015473125.1.Eukaryota.Viridiplantae	1269.475	0.0	634.7375
los	943	888	1269.475	1084.09	1176.7824999999998
spe	888	888	1084.09	1084.09	1084.09
spe	888	888	1084.09	1084.09	1084.09
spe	888	888	1084.09	1084.09	1084.09
los	923	GCA.000004985.1.Eukaryota.Heterolobosea	1219.565	0.0	609.7825
spe	876	876	946.8465	946.8465	946.8465
spe	876	876	946.8465	946.8465	946.8465
spe	876	876	946.8465	946.8465	946.8465
spe	876	876	946.8465	946.8465	946.8465
hgt	923	876	1219.565	946.8465	1083.20575
los	888	GCF.000091205.1.Eukaryota.Rhodophyta	1084.09	0.0	542.045
los	888	GCA.002049455.2.Eukaryota.Rhodophyta	1084.09	0.0	542.045
los	888	GCA.002049455.2.Eukaryota.Rhodophyta	1084.09	0.0	542.045
hgt	888	GCA.002049455.2.Eukaryota.Rhodophyta	1084.09	0.0	542.045
los	876	GCA.000209225.1.Eukaryota.Cnidaria	946.8465	0.0	473.42325
los	876	GCA.000209225.1.Eukaryota.Cnidaria	946.8465	0.0	473.42325
spe	869	869	694.719	694.719	694.719
spe	869	869	694.719	694.719	694.719
spe	869	869	694.719	694.719	694.719
spe	869	869	694.719	694.719	694.719
hgt	869	GCA.000188695.1.Eukaryota.Choanoflagellata	694.719	0.0	347.3595
dup	869	GCA.000002865.1.Eukaryota.Choanoflagellata	694.719	0.0	347.3595
hgt	869	GCA.000002865.1.Eukaryota.Choanoflagellata	694.719	0.0	347.3595
