event	left node	right node	left date	right date	midpoint date
los	1730	UNSAMPLED	?	0.0	?
spe	1690	1690	2975.2349999999997	2975.2349999999997	2975.2349999999997
spe	1667	1667	2751.94	2751.94	2751.94
spe	1671	1671	2798.9	2798.9	2798.9
spe	1548	1548	2176.73	2176.73	2176.73
los	1667	1661	2751.94	2705.465	2728.7025000000003
spe	1640	1640	2626.73	2626.73	2626.73
spe	1645	1645	2653.5150000000003	2653.5150000000003	2653.5150000000003
spe	1418	1418	1886.455	1886.455	1886.455
spe	1322	1322	1770.9250000000002	1770.9250000000002	1770.9250000000002
hgt	1548	1322	2176.73	1770.9250000000002	1973.8275
spe	1621	1621	2517.75	2517.75	2517.75
spe	1424	1424	1902.65	1902.65	1902.65
spe	1622	1622	2527.615	2527.615	2527.615
los	1418	GCA.001587715.1.Archaea.Methanobacteriota.B	1886.455	0.0	943.2275
los	1322	GCA.001515205.2.Archaea.Hadarchaeota	1770.9250000000002	0.0	885.4625000000001
spe	1540	1540	2214.8	2214.8	2214.8
los	1621	1588	2517.75	2383.6549999999997	2450.7025
los	1424	GCA.001940655.1.Archaea.Asgardarchaeota	1902.65	0.0	951.325
hgt	1424	GCA.001940655.1.Archaea.Asgardarchaeota	1902.65	0.0	951.325
spe	1606	1606	2445.1400000000003	2445.1400000000003	2445.1400000000003
spe	1358	1358	1798.4299999999998	1798.4299999999998	1798.4299999999998
spe	1398	1398	1863.195	1863.195	1863.195
spe	1518	1518	2127.23	2127.23	2127.23
los	1606	1354	2445.1400000000003	1813.355	2129.2475000000004
spe	1447	1447	1969.495	1969.495	1969.495
hgt	1523	1447	2166.265	1969.495	2067.88
spe	1176	1176	1577.935	1577.935	1577.935
los	1358	GCA.002254745.1.Archaea.Thermoproteota	1798.4299999999998	0.0	899.2149999999999
spe	1127	1127	1515.1799999999998	1515.1799999999998	1515.1799999999998
spe	1187	1187	1579.1	1579.1	1579.1
spe	1103	1103	1481.835	1481.835	1481.835
spe	1257	1257	1616.7	1616.7	1616.7
spe	1360	1360	1812.405	1812.405	1812.405
spe	992	992	1356.82	1356.82	1356.82
hgt	1474	GCA.000375685.1.Archaea.Thermoproteota	2026.55	0.0	1013.275
los	1187	GCA.001940725.1.Archaea.Asgardarchaeota	1579.1	0.0	789.55
los	1103	GCA.003144275.1.Archaea.Asgardarchaeota	1481.835	0.0	740.9175
spe	1055	1055	1412.42	1412.42	1412.42
spe	1256	1256	1663.625	1663.625	1663.625
los	1055	GCA.003194435.1.Archaea.Halobacteriota	1412.42	0.0	706.21
spe	1015	1015	1371.3049999999998	1371.3049999999998	1371.3049999999998
spe	1143	1143	1542.125	1542.125	1542.125
hgt	1057	GCA.001775995.1.Archaea.Thermoproteota	1422.225	0.0	711.1125
los	1015	GCA.003158275.1.Archaea.Halobacteriota	1371.3049999999998	0.0	685.6524999999999
spe	1013	1013	1366.345	1366.345	1366.345
spe	911	911	1169.1970000000001	1169.1970000000001	1169.1970000000001
los	1013	GCA.001412335.1.Archaea.Halobacteriota	1366.345	0.0	683.1725
