event	left node	right node	left date	right date	midpoint date
los	1730	UNSAMPLED	?	0.0	?
los	1730	UNSAMPLED	?	0.0	?
hgt	1730	UNSAMPLED	?	0.0	?
hgt	1730	UNSAMPLED	?	0.0	?
spe	1416	1416	1922.45	1922.45	1922.45
hgt	1527	1416	2190.32	1922.45	2056.385
spe	1267	1267	1701.455	1701.455	1701.455
spe	934	934	1235.659	1235.659	1235.659
los	1267	GCA.002898315.1.Bacteria.Calescibacterota	1701.455	0.0	850.7275
spe	981	981	1329.6085	1329.6085	1329.6085
hgt	1595	981	2386.5499999999997	1329.6085	1858.0792499999998
spe	1569	1569	2325.3100000000004	2325.3100000000004	2325.3100000000004
spe	1392	1392	1810.17	1810.17	1810.17
spe	1520	1520	2147.98	2147.98	2147.98
los	1392	GCA.002328485.1.Bacteria.Desulfobacterota.G	1810.17	0.0	905.085
los	1520	1405	2147.98	1824.305	1986.1425
spe	1482	1482	2054.51	2054.51	2054.51
spe	1465	1465	2001.85	2001.85	2001.85
spe	1372	1372	1822.44	1822.44	1822.44
spe	1373	1373	1835.155	1835.155	1835.155
spe	1315	1315	1750.53	1750.53	1750.53
spe	1302	1302	1729.09	1729.09	1729.09
spe	1104	1104	1472.175	1472.175	1472.175
los	1373	1265	1835.155	1676.35	1755.7525
spe	1265	1265	1676.35	1676.35	1676.35
hgt	1373	1265	1835.155	1676.35	1755.7525
spe	979	979	1328.145	1328.145	1328.145
hgt	1315	GCA.002699025.1.Bacteria.Myxococcota	1750.53	0.0	875.265
spe	1223	1223	1617.135	1617.135	1617.135
spe	1080	1080	1444.88	1444.88	1444.88
los	1104	GCA.002309015.1.Bacteria.Myxococcota	1472.175	0.0	736.0875
hgt	1104	GCA.002309015.1.Bacteria.Myxococcota	1472.175	0.0	736.0875
dup	1104	GCA.001768075.1.Bacteria.Myxococcota	1472.175	0.0	736.0875
spe	1036	1036	1389.97	1389.97	1389.97
spe	1131	1131	1516.9050000000002	1516.9050000000002	1516.9050000000002
spe	1031	1031	1377.535	1377.535	1377.535
spe	1077	1077	1444.855	1444.855	1444.855
los	1131	GCA.002863065.1.Bacteria.Myxococcota	1516.9050000000002	0.0	758.4525000000001
spe	976	976	1313.225	1313.225	1313.225
los	1031	GCA.002841825.1.Bacteria.Myxococcota	1377.535	0.0	688.7675
hgt	1031	GCA.002841825.1.Bacteria.Myxococcota	1377.535	0.0	688.7675
spe	908	908	1134.5529999999999	1134.5529999999999	1134.5529999999999
los	976	GCA.002726535.1.Bacteria.Myxococcota	1313.225	0.0	656.6125
