event	left node	right node	left date	right date	midpoint date
los	1730	UNSAMPLED	?	0.0	?
los	1730	UNSAMPLED	?	0.0	?
los	1730	UNSAMPLED	?	0.0	?
hgt	1730	UNSAMPLED	?	0.0	?
hgt	1730	UNSAMPLED	?	0.0	?
hgt	1730	UNSAMPLED	?	0.0	?
spe	1705	1705	3153.6549999999997	3153.6549999999997	3153.6549999999997
spe	1609	1609	2402.345	2402.345	2402.345
spe	1690	1690	2975.2349999999997	2975.2349999999997	2975.2349999999997
los	1609	870	2402.345	790.375	1596.36
spe	1415	1415	1919.7450000000001	1919.7450000000001	1919.7450000000001
spe	1667	1667	2751.94	2751.94	2751.94
spe	1671	1671	2798.9	2798.9	2798.9
hgt	1557	GCA.002254415.1.Archaea.EX4484.52	2237.125	0.0	1118.5625
spe	1072	1072	1492.545	1492.545	1492.545
los	1415	GCA.001723855.1.Archaea.Altiarchaeota	1919.7450000000001	0.0	959.8725000000001
spe	1548	1548	2176.73	2176.73	2176.73
spe	1661	1661	2705.465	2705.465	2705.465
spe	1640	1640	2626.73	2626.73	2626.73
los	1671	1645	2798.9	2653.5150000000003	2726.2075000000004
spe	1418	1418	1886.455	1886.455	1886.455
spe	1322	1322	1770.9250000000002	1770.9250000000002	1770.9250000000002
los	1661	1493	2705.465	2027.525	2366.495
spe	1631	1631	2558.825	2558.825	2558.825
spe	1621	1621	2517.75	2517.75	2517.75
los	1418	GCF.002201895.1.Archaea.Euryarchaeota	1886.455	0.0	943.2275
los	1322	GCA.001515205.2.Archaea.Hadarchaeota	1770.9250000000002	0.0	885.4625000000001
spe	1610	1610	2447.115	2447.115	2447.115
spe	1540	1540	2214.8	2214.8	2214.8
spe	1588	1588	2383.6549999999997	2383.6549999999997	2383.6549999999997
spe	1511	1511	2126.625	2126.625	2126.625
spe	1523	1523	2166.265	2166.265	2166.265
spe	1358	1358	1798.4299999999998	1798.4299999999998	1798.4299999999998
spe	1398	1398	1863.195	1863.195	1863.195
spe	1509	1509	2123.145	2123.145	2123.145
spe	1524	1524	2168.41	2168.41	2168.41
spe	1430	1430	1938.605	1938.605	1938.605
spe	1428	1428	1947.5100000000002	1947.5100000000002	1947.5100000000002
spe	1447	1447	1969.495	1969.495	1969.495
spe	1176	1176	1577.935	1577.935	1577.935
spe	1127	1127	1515.1799999999998	1515.1799999999998	1515.1799999999998
los	1509	GCA.002495485.1.Archaea.Thermoproteota	2123.145	0.0	1061.5725
spe	1461	1461	1998.805	1998.805	1998.805
spe	1474	1474	2026.55	2026.55	2026.55
spe	1299	1299	1716.1399999999999	1716.1399999999999	1716.1399999999999
spe	1178	1178	1580.44	1580.44	1580.44
spe	1355	1355	1811.47	1811.47	1811.47
spe	1281	1281	1695.025	1695.025	1695.025
spe	1257	1257	1616.7	1616.7	1616.7
spe	1360	1360	1812.405	1812.405	1812.405
spe	992	992	1356.82	1356.82	1356.82
spe	1274	1274	1643.05	1643.05	1643.05
spe	1385	1385	1853.335	1853.335	1853.335
spe	1361	1361	1807.5249999999999	1807.5249999999999	1807.5249999999999
los	1474	GCA.000375685.1.Archaea.Thermoproteota	2026.55	0.0	1013.275
hgt	1474	GCA.000375685.1.Archaea.Thermoproteota	2026.55	0.0	1013.275
spe	1118	1118	1480.595	1480.595	1480.595
spe	973	973	1320.27	1320.27	1320.27
los	1355	GCA.002497685.1.Archaea.Thermoplasmatota	1811.47	0.0	905.735
hgt	1355	GCA.002497685.1.Archaea.Thermoplasmatota	1811.47	0.0	905.735
spe	1141	1141	1534.115	1534.115	1534.115
spe	1116	1116	1500.29	1500.29	1500.29
hgt	1257	GCA.002011165.1.Archaea.Halobacteriota	1616.7	0.0	808.35
spe	1055	1055	1412.42	1412.42	1412.42
spe	1256	1256	1663.625	1663.625	1663.625
los	992	GCF.000092185.1.Archaea.Thermoproteota	1356.82	0.0	678.41
los	1274	GCA.002255025.1.Archaea.Thermoproteota	1643.05	0.0	821.525
spe	1240	1240	1643.115	1643.115	1643.115
spe	1057	1057	1422.225	1422.225	1422.225
spe	1249	1249	1643.645	1643.645	1643.645
los	1361	1115	1807.5249999999999	1484.13	1645.8274999999999
los	1118	GCA.002494765.1.Archaea.Thermoplasmatota	1480.595	0.0	740.2975
hgt	1118	GCA.002494765.1.Archaea.Thermoplasmatota	1480.595	0.0	740.2975
spe	950	950	1276.4450000000002	1276.4450000000002	1276.4450000000002
los	1116	938	1500.29	1261.09	1380.69
los	1055	GCA.001766825.1.Archaea.Halobacteriota	1412.42	0.0	706.21
spe	1015	1015	1371.3049999999998	1371.3049999999998	1371.3049999999998
spe	1143	1143	1542.125	1542.125	1542.125
spe	903	903	1108.5584999999999	1108.5584999999999	1108.5584999999999
los	1240	GCA.001593855.1.Archaea.Thermoproteota	1643.115	0.0	821.5575
los	1057	GCA.001273335.1.Archaea.Thermoproteota	1422.225	0.0	711.1125
los	1249	875	1643.645	925.9285	1284.78675
spe	875	875	925.9285	925.9285	925.9285
hgt	1249	875	1643.645	925.9285	1284.78675
dup	1015	GCF.002114285.1.Archaea.Halobacteriota	1371.3049999999998	0.0	685.6524999999999
los	1143	GCA.002256595.1.Archaea.Halobacteriota	1542.125	0.0	771.0625
hgt	1143	GCA.002256595.1.Archaea.Halobacteriota	1542.125	0.0	771.0625
spe	1013	1013	1366.345	1366.345	1366.345
los	903	GCA.001593875.1.Archaea.Thermoproteota	1108.5584999999999	0.0	554.2792499999999
los	1013	911	1366.345	1169.1970000000001	1267.7710000000002
spe	911	911	1169.1970000000001	1169.1970000000001	1169.1970000000001
hgt	1013	911	1366.345	1169.1970000000001	1267.7710000000002
