event	left node	right node	left date	right date	midpoint date
los	1730	UNSAMPLED	?	0.0	?
los	1730	UNSAMPLED	?	0.0	?
los	1730	UNSAMPLED	?	0.0	?
los	1730	UNSAMPLED	?	0.0	?
los	1730	UNSAMPLED	?	0.0	?
hgt	1730	UNSAMPLED	?	0.0	?
hgt	1730	UNSAMPLED	?	0.0	?
hgt	1730	UNSAMPLED	?	0.0	?
hgt	1730	UNSAMPLED	?	0.0	?
hgt	1730	UNSAMPLED	?	0.0	?
hgt	1253	GCA.002420425.1.Bacteria.Proteobacteria	1606.2350000000001	0.0	803.1175000000001
hgt	1305	GCF.900111015.1.Bacteria.Proteobacteria	1675.5300000000002	0.0	837.7650000000001
hgt	1305	GCF.002940605.1.Bacteria.Proteobacteria	1675.5300000000002	0.0	837.7650000000001
hgt	1183	GCF.001431315.1.Bacteria.Proteobacteria	1564.6799999999998	0.0	782.3399999999999
hgt	1183	GCA.003489505.1.Bacteria.Proteobacteria	1564.6799999999998	0.0	782.3399999999999
hgt	1205	GCA.002352565.1.Bacteria.Proteobacteria	1583.705	0.0	791.8525
spe	1073	1073	1417.275	1417.275	1417.275
hgt	1386	1073	1844.995	1417.275	1631.135
spe	1329	1329	1768.4450000000002	1768.4450000000002	1768.4450000000002
hgt	1386	1329	1844.995	1768.4450000000002	1806.72
spe	1211	1211	1596.9450000000002	1596.9450000000002	1596.9450000000002
spe	1186	1186	1588.765	1588.765	1588.765
spe	1160	1160	1535.435	1535.435	1535.435
hgt	1300	1160	1706.635	1535.435	1621.0349999999999
spe	1384	1384	1840.255	1840.255	1840.255
los	1211	1038	1596.9450000000002	1380.83	1488.8875
los	1186	1068	1588.765	1434.31	1511.5375
hgt	1069	GCF.000239355.1.Bacteria.Proteobacteria	1414.39	0.0	707.195
spe	1026	1026	1379.435	1379.435	1379.435
spe	1345	1345	1777.4699999999998	1777.4699999999998	1777.4699999999998
spe	1258	1258	1647.1100000000001	1647.1100000000001	1647.1100000000001
hgt	1038	GCF.001614315.2.Bacteria.Proteobacteria	1380.83	0.0	690.415
los	1026	GCA.002862435.1.Bacteria.Proteobacteria	1379.435	0.0	689.7175
hgt	1026	GCA.002862435.1.Bacteria.Proteobacteria	1379.435	0.0	689.7175
spe	1022	1022	1375.33	1375.33	1375.33
hgt	1121	1022	1495.94	1375.33	1435.635
spe	1285	1285	1696.92	1696.92	1696.92
spe	1271	1271	1673.23	1673.23	1673.23
hgt	1345	1271	1777.4699999999998	1673.23	1725.35
spe	1177	1177	1555.685	1555.685	1555.685
spe	1099	1099	1467.95	1467.95	1467.95
hgt	894	GCA.002746645.1.Bacteria.Proteobacteria	1067.6595	0.0	533.82975
hgt	925	GCA.002007405.1.Bacteria.Proteobacteria	1225.2445	0.0	612.62225
hgt	988	GCF.900112605.1.Bacteria.Proteobacteria	1330.6	0.0	665.3
hgt	988	GCF.000374645.1.Bacteria.Proteobacteria	1330.6	0.0	665.3
hgt	1009	GCA.002868855.1.Bacteria.Proteobacteria	1344.875	0.0	672.4375
spe	916	916	1166.9135	1166.9135	1166.9135
hgt	1285	GCA.002085445.1.Bacteria.Proteobacteria	1696.92	0.0	848.46
spe	1219	1219	1612.4099999999999	1612.4099999999999	1612.4099999999999
spe	1136	1136	1511.5549999999998	1511.5549999999998	1511.5549999999998
spe	1144	1144	1532.81	1532.81	1532.81
spe	1042	1042	1386.92	1386.92	1386.92
hgt	1177	1042	1555.685	1386.92	1471.3025
spe	951	951	1269.845	1269.845	1269.845
los	1099	995	1467.95	1332.36	1400.155
spe	995	995	1332.36	1332.36	1332.36
hgt	1099	995	1467.95	1332.36	1400.155
hgt	891	GCA.003137095.1.Bacteria.Proteobacteria	1079.9275	0.0	539.96375
los	1219	964	1612.4099999999999	1273.215	1442.8125
spe	964	964	1273.215	1273.215	1273.215
hgt	1219	964	1612.4099999999999	1273.215	1442.8125
spe	1100	1100	1475.48	1475.48	1475.48
spe	994	994	1316.435	1316.435	1316.435
spe	1044	1044	1391.71	1391.71	1391.71
spe	1049	1049	1408.935	1408.935	1408.935
spe	1071	1071	1429.77	1429.77	1429.77
los	1042	GCF.001697225.1.Bacteria.Proteobacteria	1386.92	0.0	693.46
spe	947	947	1266.6599999999999	1266.6599999999999	1266.6599999999999
spe	967	967	1276.255	1276.255	1276.255
hgt	1100	967	1475.48	1276.255	1375.8675
los	994	GCF.000300295.4.Bacteria.Proteobacteria	1316.435	0.0	658.2175
hgt	994	GCF.000300295.4.Bacteria.Proteobacteria	1316.435	0.0	658.2175
spe	953	953	1256.25	1256.25	1256.25
spe	913	913	1160.694	1160.694	1160.694
los	1071	GCA.001801745.1.Bacteria.Proteobacteria	1429.77	0.0	714.885
spe	1002	1002	1334.115	1334.115	1334.115
los	947	GCA.002454015.1.Bacteria.Proteobacteria	1266.6599999999999	0.0	633.3299999999999
spe	879	879	953.337	953.337	953.337
los	967	GCA.002007425.1.Bacteria.Proteobacteria	1276.255	0.0	638.1275
spe	877	877	936.1675	936.1675	936.1675
los	913	GCA.002796245.1.Bacteria.Proteobacteria	1160.694	0.0	580.347
hgt	913	GCA.002796245.1.Bacteria.Proteobacteria	1160.694	0.0	580.347
los	1002	932	1334.115	1221.505	1277.81
los	879	GCA.002170535.1.Bacteria.Proteobacteria	953.337	0.0	476.6685
