event	left node	right node	left date	right date	midpoint date
los	1730	UNSAMPLED	?	0.0	?
hgt	1730	UNSAMPLED	?	0.0	?
spe	1667	1667	2751.94	2751.94	2751.94
hgt	1557	GCA.001564035.1.Archaea.Nanohaloarchaeota	2237.125	0.0	1118.5625
spe	1548	1548	2176.73	2176.73	2176.73
spe	1661	1661	2705.465	2705.465	2705.465
spe	1418	1418	1886.455	1886.455	1886.455
spe	1322	1322	1770.9250000000002	1770.9250000000002	1770.9250000000002
los	1661	1493	2705.465	2027.525	2366.495
spe	1631	1631	2558.825	2558.825	2558.825
hgt	1442	GCA.002789275.1.Archaea.Huberarchaeota	1962.0149999999999	0.0	981.0074999999999
los	1418	GCF.002201895.1.Archaea.Euryarchaeota	1886.455	0.0	943.2275
los	1322	GCA.001515205.2.Archaea.Hadarchaeota	1770.9250000000002	0.0	885.4625000000001
los	1631	GCF.000025525.1.Archaea.Methanobacteriota.A	2558.825	0.0	1279.4125
spe	1610	1610	2447.115	2447.115	2447.115
spe	1511	1511	2126.625	2126.625	2126.625
spe	1523	1523	2166.265	2166.265	2166.265
spe	1430	1430	1938.605	1938.605	1938.605
spe	1428	1428	1947.5100000000002	1947.5100000000002	1947.5100000000002
spe	1447	1447	1969.495	1969.495	1969.495
spe	1299	1299	1716.1399999999999	1716.1399999999999	1716.1399999999999
spe	1178	1178	1580.44	1580.44	1580.44
spe	1355	1355	1811.47	1811.47	1811.47
spe	1281	1281	1695.025	1695.025	1695.025
los	1447	1257	1969.495	1616.7	1793.0974999999999
spe	1360	1360	1812.405	1812.405	1812.405
spe	1118	1118	1480.595	1480.595	1480.595
los	1178	GCA.002011355.1.Archaea.Thermoplasmatota	1580.44	0.0	790.22
spe	973	973	1320.27	1320.27	1320.27
los	1355	GCA.002497685.1.Archaea.Thermoplasmatota	1811.47	0.0	905.735
spe	1141	1141	1534.115	1534.115	1534.115
los	1281	GCA.002495185.1.Archaea.Thermoplasmatota	1695.025	0.0	847.5125
hgt	1281	GCA.002495185.1.Archaea.Thermoplasmatota	1695.025	0.0	847.5125
spe	1116	1116	1500.29	1500.29	1500.29
los	1360	1055	1812.405	1412.42	1612.4125
spe	1256	1256	1663.625	1663.625	1663.625
los	1118	GCA.002495235.1.Archaea.Thermoplasmatota	1480.595	0.0	740.2975
hgt	1118	GCA.002495235.1.Archaea.Thermoplasmatota	1480.595	0.0	740.2975
spe	950	950	1276.4450000000002	1276.4450000000002	1276.4450000000002
spe	938	938	1261.09	1261.09	1261.09
los	1256	1015	1663.625	1371.3049999999998	1517.465
spe	1143	1143	1542.125	1542.125	1542.125
spe	1013	1013	1366.345	1366.345	1366.345
spe	911	911	1169.1970000000001	1169.1970000000001	1169.1970000000001
