event	left node	right node	left date	right date	midpoint date
los	1730	UNSAMPLED	?	0.0	?
los	1730	UNSAMPLED	?	0.0	?
los	1730	UNSAMPLED	?	0.0	?
los	1730	UNSAMPLED	?	0.0	?
hgt	1730	UNSAMPLED	?	0.0	?
hgt	1730	UNSAMPLED	?	0.0	?
hgt	1730	UNSAMPLED	?	0.0	?
hgt	1730	UNSAMPLED	?	0.0	?
hgt	1352	GCA.001304035.1.Bacteria.SM23.31	1793.7600000000002	0.0	896.8800000000001
spe	1556	1556	2271.59	2271.59	2271.59
spe	1443	1443	1932.5500000000002	1932.5500000000002	1932.5500000000002
spe	1526	1526	2175.61	2175.61	2175.61
los	1443	1253	1932.5500000000002	1606.2350000000001	1769.3925000000002
spe	1156	1156	1529.0749999999998	1529.0749999999998	1529.0749999999998
spe	1305	1305	1675.5300000000002	1675.5300000000002	1675.5300000000002
spe	1504	1504	2098.745	2098.745	2098.745
los	1156	GCA.001750625.1.Bacteria.Proteobacteria	1529.0749999999998	0.0	764.5374999999999
los	1504	1389	2098.745	1839.06	1968.9025
spe	1471	1471	2020.585	2020.585	2020.585
los	1471	1386	2020.585	1844.995	1932.79
spe	1435	1435	1948.8049999999998	1948.8049999999998	1948.8049999999998
spe	1300	1300	1706.635	1706.635	1706.635
spe	1419	1419	1902.685	1902.685	1902.685
hgt	899	GCA.002898675.1.Bacteria.Bacteroidota	1110.455	0.0	555.2275
spe	1069	1069	1414.39	1414.39	1414.39
los	1300	1160	1706.635	1535.435	1621.0349999999999
spe	1339	1339	1773.33	1773.33	1773.33
spe	1384	1384	1840.255	1840.255	1840.255
hgt	1211	GCF.001641825.1.Bacteria.Proteobacteria	1596.9450000000002	0.0	798.4725000000001
los	1069	GCF.000239355.1.Bacteria.Proteobacteria	1414.39	0.0	707.195
hgt	1160	GCA.002255365.1.Bacteria.Proteobacteria	1535.435	0.0	767.7175
spe	1197	1197	1581.2649999999999	1581.2649999999999	1581.2649999999999
spe	1121	1121	1495.94	1495.94	1495.94
spe	1345	1345	1777.4699999999998	1777.4699999999998	1777.4699999999998
spe	1258	1258	1647.1100000000001	1647.1100000000001	1647.1100000000001
spe	988	988	1330.6	1330.6	1330.6
los	1121	1009	1495.94	1344.875	1420.4075
spe	1022	1022	1375.33	1375.33	1375.33
spe	1285	1285	1696.92	1696.92	1696.92
spe	1271	1271	1673.23	1673.23	1673.23
spe	1177	1177	1555.685	1555.685	1555.685
spe	1099	1099	1467.95	1467.95	1467.95
hgt	1237	GCA.002340345.1.Bacteria.Proteobacteria	1624.365	0.0	812.1825
spe	891	891	1079.9275	1079.9275	1079.9275
hgt	1009	891	1344.875	1079.9275	1212.40125
los	1022	GCA.003228965.1.Bacteria.Proteobacteria	1375.33	0.0	687.665
hgt	1022	GCA.003228965.1.Bacteria.Proteobacteria	1375.33	0.0	687.665
spe	916	916	1166.9135	1166.9135	1166.9135
los	1285	GCA.002085445.1.Bacteria.Proteobacteria	1696.92	0.0	848.46
spe	1219	1219	1612.4099999999999	1612.4099999999999	1612.4099999999999
spe	1136	1136	1511.5549999999998	1511.5549999999998	1511.5549999999998
los	1271	1144	1673.23	1532.81	1603.02
los	1177	1042	1555.685	1386.92	1471.3025
spe	951	951	1269.845	1269.845	1269.845
spe	995	995	1332.36	1332.36	1332.36
los	916	GCA.002688175.1.Bacteria.Proteobacteria	1166.9135	0.0	583.45675
spe	964	964	1273.215	1273.215	1273.215
los	1219	1100	1612.4099999999999	1475.48	1543.945
los	1136	994	1511.5549999999998	1316.435	1413.995
spe	1044	1044	1391.71	1391.71	1391.71
hgt	1042	GCF.002020875.1.Bacteria.Proteobacteria	1386.92	0.0	693.46
hgt	1042	GCF.001697225.1.Bacteria.Proteobacteria	1386.92	0.0	693.46
los	951	GCA.002400775.1.Bacteria.Proteobacteria	1269.845	0.0	634.9225
los	995	GCA.001447805.1.Bacteria.Proteobacteria	1332.36	0.0	666.18
hgt	995	GCA.001447805.1.Bacteria.Proteobacteria	1332.36	0.0	666.18
hgt	994	GCF.000300295.4.Bacteria.Proteobacteria	1316.435	0.0	658.2175
spe	953	953	1256.25	1256.25	1256.25
hgt	947	GCA.002389045.1.Bacteria.Proteobacteria	1266.6599999999999	0.0	633.3299999999999
los	953	GCF.003612015.1.Bacteria.Proteobacteria	1256.25	0.0	628.125
spe	877	877	936.1675	936.1675	936.1675
