event	left node	right node	left date	right date	midpoint date
los	1730	UNSAMPLED	?	0.0	?
los	1730	UNSAMPLED	?	0.0	?
los	1730	UNSAMPLED	?	0.0	?
los	1730	UNSAMPLED	?	0.0	?
los	1730	UNSAMPLED	?	0.0	?
los	1730	UNSAMPLED	?	0.0	?
los	1730	UNSAMPLED	?	0.0	?
los	1730	UNSAMPLED	?	0.0	?
los	1730	UNSAMPLED	?	0.0	?
los	1730	UNSAMPLED	?	0.0	?
los	1730	UNSAMPLED	?	0.0	?
los	1730	UNSAMPLED	?	0.0	?
los	1730	UNSAMPLED	?	0.0	?
los	1730	UNSAMPLED	?	0.0	?
los	1730	UNSAMPLED	?	0.0	?
los	1730	UNSAMPLED	?	0.0	?
hgt	1730	UNSAMPLED	?	0.0	?
hgt	1730	UNSAMPLED	?	0.0	?
hgt	1730	UNSAMPLED	?	0.0	?
hgt	1730	UNSAMPLED	?	0.0	?
hgt	1730	UNSAMPLED	?	0.0	?
hgt	1730	UNSAMPLED	?	0.0	?
hgt	1730	UNSAMPLED	?	0.0	?
hgt	1730	UNSAMPLED	?	0.0	?
hgt	1730	UNSAMPLED	?	0.0	?
hgt	1730	UNSAMPLED	?	0.0	?
hgt	1730	UNSAMPLED	?	0.0	?
hgt	1730	UNSAMPLED	?	0.0	?
spe	1726	1726	3797.605	3797.605	3797.605
spe	1714	1714	3319.26	3319.26	3319.26
spe	1724	1724	3674.455	3674.455	3674.455
spe	1660	1660	2723.8500000000004	2723.8500000000004	2723.8500000000004
spe	1703	1703	3133.075	3133.075	3133.075
spe	1722	1722	3592.175	3592.175	3592.175
los	1724	1717	3674.455	3369.21	3521.8325
los	1660	1625	2723.8500000000004	2538.56	2631.205
hgt	1660	1625	2723.8500000000004	2538.56	2631.205
spe	1624	1624	2537.965	2537.965	2537.965
los	1703	1665	3133.075	2752.4700000000003	2942.7725
spe	1674	1674	2803.98	2803.98	2803.98
spe	1674	1674	2803.98	2803.98	2803.98
hgt	1703	1674	3133.075	2803.98	2968.5275
spe	1692	1692	3018.815	3018.815	3018.815
los	1722	1718	3592.175	3376.77	3484.4725
spe	1602	1602	2426.2	2426.2	2426.2
spe	1464	1464	2064.13	2064.13	2064.13
spe	1464	1464	2064.13	2064.13	2064.13
hgt	1674	1464	2803.98	2064.13	2434.0550000000003
los	1674	1651	2803.98	2692.5550000000003	2748.2675
spe	1651	1651	2692.5550000000003	2692.5550000000003	2692.5550000000003
spe	1247	1247	1723.2350000000001	1723.2350000000001	1723.2350000000001
hgt	1692	1247	3018.815	1723.2350000000001	2371.025
spe	1657	1657	2723.605	2723.605	2723.605
hgt	1627	GCA.000353875.1.Bacteria.Atribacterota	2540.54	0.0	1270.27
spe	1469	1469	2045.295	2045.295	2045.295
los	1602	1544	2426.2	2238.98	2332.59
spe	1335	1335	1800.3999999999999	1800.3999999999999	1800.3999999999999
spe	1335	1335	1800.3999999999999	1800.3999999999999	1800.3999999999999
spe	1390	1390	1896.8449999999998	1896.8449999999998	1896.8449999999998
spe	1390	1390	1896.8449999999998	1896.8449999999998	1896.8449999999998
spe	1615	1615	2397.09	2397.09	2397.09
spe	1639	1639	2619.0699999999997	2619.0699999999997	2619.0699999999997
los	1247	GCA.003151665.1.Bacteria.Dormibacterota	1723.2350000000001	0.0	861.6175000000001
hgt	1247	GCA.003151665.1.Bacteria.Dormibacterota	1723.2350000000001	0.0	861.6175000000001
spe	1597	1597	2420.455	2420.455	2420.455
spe	1594	1594	2416.915	2416.915	2416.915
spe	1513	1513	2141.115	2141.115	2141.115
hgt	1599	1513	2420.035	2141.115	2280.575
spe	1278	1278	1709.425	1709.425	1709.425
spe	1227	1227	1621.275	1621.275	1621.275
los	1335	1092	1800.3999999999999	1478.5900000000001	1639.495
spe	1092	1092	1478.5900000000001	1478.5900000000001	1478.5900000000001
los	1335	1190	1800.3999999999999	1617.44	1708.92
spe	1190	1190	1617.44	1617.44	1617.44
los	1390	1262	1896.8449999999998	1695.79	1796.3174999999999
spe	1262	1262	1695.79	1695.79	1695.79
los	1390	1170	1896.8449999999998	1584.4	1740.6225
spe	1170	1170	1584.4	1584.4	1584.4
spe	1170	1170	1584.4	1584.4	1584.4
hgt	1390	1170	1896.8449999999998	1584.4	1740.6225
spe	1420	1420	1902.285	1902.285	1902.285
los	1639	1458	2619.0699999999997	2011.28	2315.1749999999997
spe	1618	1618	2495.045	2495.045	2495.045
los	1597	1536	2420.455	2216.5299999999997	2318.4925
spe	1375	1375	1801.635	1801.635	1801.635
spe	1454	1454	1996.5549999999998	1996.5549999999998	1996.5549999999998
spe	1546	1546	2249.485	2249.485	2249.485
spe	1328	1328	1779.88	1779.88	1779.88
spe	1054	1054	1444.87	1444.87	1444.87
hgt	1092	GCA.002399235.1.Bacteria.Firmicutes.G	1478.5900000000001	0.0	739.2950000000001
spe	1041	1041	1426.32	1426.32	1426.32
hgt	1262	GCA.002426645.1.Bacteria.Firmicutes.G	1695.79	0.0	847.895
spe	971	971	1335.97	1335.97	1335.97
spe	1052	1052	1446.125	1446.125	1446.125
spe	1052	1052	1446.125	1446.125	1446.125
los	1420	1007	1902.285	1418.775	1660.5300000000002
spe	1551	1551	2255.985	2255.985	2255.985
los	1618	1607	2495.045	2426.135	2460.59
los	1375	GCA.002239025.1.Bacteria.Chloroflexota	1801.635	0.0	900.8175
spe	1349	1349	1803.385	1803.385	1803.385
spe	1396	1396	1862.6550000000002	1862.6550000000002	1862.6550000000002
spe	1452	1452	1987.5749999999998	1987.5749999999998	1987.5749999999998
spe	1500	1500	2094.15	2094.15	2094.15
los	1328	1102	1779.88	1488.73	1634.305
los	1054	972	1444.87	1340.3400000000001	1392.605
hgt	1126	GCA.002779825.1.Bacteria.Armatimonadota	1519.685	0.0	759.8425
hgt	1351	GCA.002409445.1.Bacteria.Armatimonadota	1805.495	0.0	902.7475
los	1041	940	1426.32	1264.8925	1345.6062499999998
spe	940	940	1264.8925	1264.8925	1264.8925
hgt	1041	940	1426.32	1264.8925	1345.6062499999998
los	1052	GCA.900016865.1.Bacteria.Firmicutes.G	1446.125	0.0	723.0625
los	1052	GCA.001513145.1.Bacteria.Firmicutes.G	1446.125	0.0	723.0625
hgt	1153	GCA.002375895.1.Bacteria.Firmicutes.E	1546.995	0.0	773.4975
spe	1337	1337	1697.815	1697.815	1697.815
dup	1551	1494	2255.985	2085.065	2170.525
spe	1494	1494	2085.065	2085.065	2085.065
spe	1494	1494	2085.065	2085.065	2085.065
hgt	1551	1494	2255.985	2085.065	2170.525
los	1349	1270	1803.385	1679.7150000000001	1741.5500000000002
hgt	1349	1270	1803.385	1679.7150000000001	1741.5500000000002
spe	1180	1180	1577.9099999999999	1577.9099999999999	1577.9099999999999
spe	1225	1225	1589.8200000000002	1589.8200000000002	1589.8200000000002
spe	1056	1056	1430.125	1430.125	1430.125
spe	1164	1164	1538.99	1538.99	1538.99
spe	1395	1395	1858.705	1858.705	1858.705
spe	1395	1395	1858.705	1858.705	1858.705
hgt	1452	1395	1987.5749999999998	1858.705	1923.1399999999999
spe	1312	1312	1749.085	1749.085	1749.085
spe	970	970	1294.4735	1294.4735	1294.4735
hgt	1500	970	2094.15	1294.4735	1694.31175
hgt	1582	GCA.002792735.1.Bacteria.Patescibacteria	2335.465	0.0	1167.7325
hgt	1102	GCA.002428295.1.Bacteria.Caldisericota	1488.73	0.0	744.365
hgt	972	GCF.000427095.1.Bacteria.Armatimonadota	1340.3400000000001	0.0	670.1700000000001
hgt	940	GCA.002396805.1.Bacteria.Firmicutes.G	1264.8925	0.0	632.44625
hgt	1288	GCA.003023725.1.Bacteria.Firmicutes.E	1712.115	0.0	856.0575
hgt	1251	GCA.002376005.1.Bacteria.Firmicutes.E	1667.9650000000001	0.0	833.9825000000001
hgt	1494	GCF.000166335.1.Bacteria.Firmicutes.A	2085.065	0.0	1042.5325
spe	1429	1429	1953.0900000000001	1953.0900000000001	1953.0900000000001
spe	1429	1429	1953.0900000000001	1953.0900000000001	1953.0900000000001
spe	1550	1550	2240.33	2240.33	2240.33
hgt	1568	1550	2312.8050000000003	2240.33	2276.5675
spe	1105	1105	1492.005	1492.005	1492.005
hgt	1270	1105	1679.7150000000001	1492.005	1585.8600000000001
spe	1025	1025	1386.06	1386.06	1386.06
spe	1025	1025	1386.06	1386.06	1386.06
hgt	1180	1025	1577.9099999999999	1386.06	1481.985
los	1225	GCA.002366595.1.Bacteria.Chloroflexota	1589.8200000000002	0.0	794.9100000000001
hgt	1056	GCA.002423325.1.Bacteria.Chloroflexota	1430.125	0.0	715.0625
hgt	1056	GCA.002348045.1.Bacteria.Chloroflexota	1430.125	0.0	715.0625
hgt	1056	GCA.002348045.1.Bacteria.Chloroflexota	1430.125	0.0	715.0625
los	1164	GCF.003967555.1.Bacteria.Chloroflexota	1538.99	0.0	769.495
dup	1164	GCA.002404055.1.Bacteria.Chloroflexota	1538.99	0.0	769.495
dup	1164	GCA.002404055.1.Bacteria.Chloroflexota	1538.99	0.0	769.495
dup	1164	GCA.002404055.1.Bacteria.Chloroflexota	1538.99	0.0	769.495
dup	1395	GCA.002436065.1.Bacteria.Chloroflexota	1858.705	0.0	929.3525
los	1395	GCA.002436065.1.Bacteria.Chloroflexota	1858.705	0.0	929.3525
spe	1129	1129	1519.02	1519.02	1519.02
spe	1129	1129	1519.02	1519.02	1519.02
dup	1312	GCF.000025005.1.Bacteria.Chloroflexota	1749.085	0.0	874.5425
los	1312	GCF.000025005.1.Bacteria.Chloroflexota	1749.085	0.0	874.5425
hgt	1312	GCF.000025005.1.Bacteria.Chloroflexota	1749.085	0.0	874.5425
spe	1175	1175	1574.225	1574.225	1574.225
spe	1175	1175	1574.225	1574.225	1574.225
hgt	1312	1175	1749.085	1574.225	1661.655
hgt	970	GCA.001443375.1.Bacteria.Chloroflexota	1294.4735	0.0	647.23675
hgt	1123	GCA.003242675.1.Bacteria.Firmicutes.E	1509.365	0.0	754.6825
hgt	1123	GCA.003242675.1.Bacteria.Firmicutes.E	1509.365	0.0	754.6825
hgt	1084	GCA.003599345.1.Bacteria.Firmicutes.E	1465.43	0.0	732.715
spe	924	924	1196.4	1196.4	1196.4
hgt	1084	924	1465.43	1196.4	1330.915
spe	1192	1192	1576.985	1576.985	1576.985
spe	1192	1192	1576.985	1576.985	1576.985
spe	1310	1310	1755.96	1755.96	1755.96
spe	1310	1310	1755.96	1755.96	1755.96
hgt	1456	GCA.002345475.1.Bacteria.Firmicutes.H	1989.36	0.0	994.68
spe	1318	1318	1678.19	1678.19	1678.19
spe	1483	1483	2049.0099999999998	2049.0099999999998	2049.0099999999998
spe	978	978	1317.205	1317.205	1317.205
hgt	1025	GCA.002366755.1.Bacteria.Chloroflexota	1386.06	0.0	693.03
hgt	1025	GCA.002366755.1.Bacteria.Chloroflexota	1386.06	0.0	693.03
los	1129	GCA.002413265.1.Bacteria.Chloroflexota	1519.02	0.0	759.51
dup	1129	GCA.002347925.1.Bacteria.Chloroflexota	1519.02	0.0	759.51
los	1129	GCA.002347925.1.Bacteria.Chloroflexota	1519.02	0.0	759.51
spe	1053	1053	1431.56	1431.56	1431.56
spe	1053	1053	1431.56	1431.56	1431.56
hgt	1021	GCA.003242195.1.Bacteria.Firmicutes.E	1388.78	0.0	694.39
hgt	1021	GCA.002385465.1.Bacteria.Firmicutes.E	1388.78	0.0	694.39
los	1192	GCF.000213255.1.Bacteria.Firmicutes.A	1576.985	0.0	788.4925
spe	1032	1032	1401.9	1401.9	1401.9
spe	1032	1032	1401.9	1401.9	1401.9
spe	1269	1269	1686.58	1686.58	1686.58
spe	1269	1269	1686.58	1686.58	1686.58
los	1310	1193	1755.96	1598.315	1677.1375
los	1310	1193	1755.96	1598.315	1677.1375
spe	1193	1193	1598.315	1598.315	1598.315
hgt	1310	1193	1755.96	1598.315	1677.1375
spe	1163	1163	1549.5949999999998	1549.5949999999998	1549.5949999999998
spe	1449	1449	1971.49	1971.49	1971.49
los	978	905	1317.205	1158.2640000000001	1237.7345
hgt	1053	GCA.002440805.1.Bacteria.Chloroflexota	1431.56	0.0	715.78
los	1053	GCA.002292925.1.Bacteria.Chloroflexota	1431.56	0.0	715.78
los	1032	GCF.900129115.1.Bacteria.Firmicutes.A	1401.9	0.0	700.95
hgt	1032	GCF.900129115.1.Bacteria.Firmicutes.A	1401.9	0.0	700.95
los	1032	GCA.002399285.1.Bacteria.Firmicutes.A	1401.9	0.0	700.95
spe	1152	1152	1548.8899999999999	1548.8899999999999	1548.8899999999999
spe	1152	1152	1548.8899999999999	1548.8899999999999	1548.8899999999999
los	1269	1078	1686.58	1451.145	1568.8625
spe	1078	1078	1451.145	1451.145	1451.145
spe	1011	1011	1360.255	1360.255	1360.255
spe	1076	1076	1451.62	1451.62	1451.62
los	1163	GCF.002335525.1.Bacteria.Firmicutes	1549.5949999999998	0.0	774.7974999999999
hgt	1163	GCF.002335525.1.Bacteria.Firmicutes	1549.5949999999998	0.0	774.7974999999999
spe	1003	1003	1365.895	1365.895	1365.895
spe	1172	1172	1523.81	1523.81	1523.81
spe	1423	1423	1907.4450000000002	1907.4450000000002	1907.4450000000002
hgt	905	GCA.002702065.1.Bacteria.Chloroflexota	1158.2640000000001	0.0	579.1320000000001
los	1152	GCF.900142265.1.Bacteria.Firmicutes.A	1548.8899999999999	0.0	774.4449999999999
spe	1018	1018	1387.7150000000001	1387.7150000000001	1387.7150000000001
spe	1018	1018	1387.7150000000001	1387.7150000000001	1387.7150000000001
spe	957	957	1285.645	1285.645	1285.645
los	1011	GCA.900317035.1.Bacteria.Firmicutes.A	1360.255	0.0	680.1275
spe	900	900	1096.349	1096.349	1096.349
los	1076	944	1451.62	1275.4850000000001	1363.5525
spe	1209	1209	1520.8899999999999	1520.8899999999999	1520.8899999999999
spe	1388	1388	1843.3449999999998	1843.3449999999998	1843.3449999999998
los	1018	922	1387.7150000000001	1206.9915	1297.3532500000001
los	1018	922	1387.7150000000001	1206.9915	1297.3532500000001
los	957	GCA.002297185.1.Bacteria.Firmicutes.A	1285.645	0.0	642.8225
hgt	900	GCA.002308775.1.Bacteria.Firmicutes.A	1096.349	0.0	548.1745
dup	900	GCA.002307275.1.Bacteria.Firmicutes.A	1096.349	0.0	548.1745
hgt	944	GCA.002293295.1.Bacteria.Firmicutes.A	1275.4850000000001	0.0	637.7425000000001
hgt	1034	GCA.000961765.1.Bacteria.Firmicutes.B	1384.555	0.0	692.2775
los	1209	GCA.002159075.1.Bacteria.Firmicutes	1520.8899999999999	0.0	760.4449999999999
hgt	1209	GCA.002159075.1.Bacteria.Firmicutes	1520.8899999999999	0.0	760.4449999999999
spe	1297	1297	1688.26	1688.26	1688.26
spe	1350	1350	1785.675	1785.675	1785.675
hgt	998	GCF.002207765.1.Bacteria.Firmicutes.B	1336.995	0.0	668.4975
spe	1047	1047	1373.121	1373.121	1373.121
los	1297	1132	1688.26	1481.1	1584.6799999999998
hgt	1350	GCF.001049895.1.Bacteria.Firmicutes	1785.675	0.0	892.8375
spe	1317	1317	1743.2350000000001	1743.2350000000001	1743.2350000000001
los	1047	GCF.900099895.1.Bacteria.Firmicutes	1373.121	0.0	686.5605
hgt	1047	GCF.900099895.1.Bacteria.Firmicutes	1373.121	0.0	686.5605
los	1317	1095	1743.2350000000001	1426.77	1585.0025
spe	1232	1232	1618.42	1618.42	1618.42
hgt	1095	GCF.004522215.1.Bacteria.Firmicutes	1426.77	0.0	713.385
hgt	1095	GCF.000503775.1.Bacteria.Firmicutes	1426.77	0.0	713.385
spe	1171	1171	1551.145	1551.145	1551.145
los	1171	1110	1551.145	1475.0	1513.0725
hgt	959	GCF.002902625.1.Bacteria.Firmicutes	1258.375	0.0	629.1875
spe	889	889	1056.6725000000001	1056.6725000000001	1056.6725000000001
hgt	962	889	1253.275	1056.6725000000001	1154.97375
spe	878	878	953.708	953.708	953.708
los	878	GCA.000431235.1.Bacteria.Firmicutes	953.708	0.0	476.854
hgt	874	GCF.000702165.1.Bacteria.Firmicutes	915.9280000000001	0.0	457.96400000000006
