event	left node	right node	left date	right date	midpoint date
los	1730	UNSAMPLED	?	0.0	?
hgt	1730	UNSAMPLED	?	0.0	?
hgt	1418	GCF.002201895.1.Archaea.Euryarchaeota	1886.455	0.0	943.2275
hgt	1493	GCA.003230355.1.Archaea.Hydrothermarchaeota	2027.525	0.0	1013.7625
spe	1610	1610	2447.115	2447.115	2447.115
spe	1511	1511	2126.625	2126.625	2126.625
spe	1523	1523	2166.265	2166.265	2166.265
spe	1430	1430	1938.605	1938.605	1938.605
los	1511	1428	2126.625	1947.5100000000002	2037.0675
spe	1447	1447	1969.495	1969.495	1969.495
spe	1299	1299	1716.1399999999999	1716.1399999999999	1716.1399999999999
spe	1178	1178	1580.44	1580.44	1580.44
spe	1257	1257	1616.7	1616.7	1616.7
spe	1360	1360	1812.405	1812.405	1812.405
los	1299	1118	1716.1399999999999	1480.595	1598.3674999999998
los	1178	GCA.002011355.1.Archaea.Thermoplasmatota	1580.44	0.0	790.22
hgt	1178	GCA.002011355.1.Archaea.Thermoplasmatota	1580.44	0.0	790.22
spe	973	973	1320.27	1320.27	1320.27
spe	1116	1116	1500.29	1500.29	1500.29
hgt	1281	1116	1695.025	1500.29	1597.6575
los	1360	1055	1812.405	1412.42	1612.4125
spe	1256	1256	1663.625	1663.625	1663.625
dup	973	GCA.001595945.1.Archaea.Thermoplasmatota	1320.27	0.0	660.135
hgt	1141	GCF.002078355.1.Archaea.Thermoplasmatota	1534.115	0.0	767.0575
spe	938	938	1261.09	1261.09	1261.09
hgt	1055	GCA.001766825.1.Archaea.Halobacteriota	1412.42	0.0	706.21
spe	1015	1015	1371.3049999999998	1371.3049999999998	1371.3049999999998
spe	1143	1143	1542.125	1542.125	1542.125
hgt	950	GCA.002878135.1.Archaea.Thermoplasmatota	1276.4450000000002	0.0	638.2225000000001
los	938	GCA.001595885.1.Archaea.Thermoplasmatota	1261.09	0.0	630.545
spe	1013	1013	1366.345	1366.345	1366.345
spe	911	911	1169.1970000000001	1169.1970000000001	1169.1970000000001
los	1013	GCA.001412335.1.Archaea.Halobacteriota	1366.345	0.0	683.1725
hgt	1013	GCA.001412335.1.Archaea.Halobacteriota	1366.345	0.0	683.1725
