event	left node	right node	left date	right date	midpoint date
los	1730	UNSAMPLED	?	0.0	?
los	1730	UNSAMPLED	?	0.0	?
los	1730	UNSAMPLED	?	0.0	?
los	1730	UNSAMPLED	?	0.0	?
hgt	1730	UNSAMPLED	?	0.0	?
hgt	1730	UNSAMPLED	?	0.0	?
hgt	1730	UNSAMPLED	?	0.0	?
hgt	1730	UNSAMPLED	?	0.0	?
spe	1635	1635	2577.46	2577.46	2577.46
hgt	1675	1635	2804.24	2577.46	2690.85
spe	1667	1667	2751.94	2751.94	2751.94
spe	1519	1519	2133.415	2133.415	2133.415
spe	1564	1564	2296.265	2296.265	2296.265
spe	1072	1072	1492.545	1492.545	1492.545
hgt	1415	1072	1919.7450000000001	1492.545	1706.145
spe	1548	1548	2176.73	2176.73	2176.73
spe	1661	1661	2705.465	2705.465	2705.465
spe	1296	1296	1724.445	1724.445	1724.445
los	1519	GCA.002412085.1.Archaea.Nanoarchaeota	2133.415	0.0	1066.7075
spe	1323	1323	1758.165	1758.165	1758.165
los	1564	1442	2296.265	1962.0149999999999	2129.14
spe	1418	1418	1886.455	1886.455	1886.455
los	1548	1322	2176.73	1770.9250000000002	1973.8275
spe	1493	1493	2027.525	2027.525	2027.525
spe	1631	1631	2558.825	2558.825	2558.825
los	1296	GCA.002763265.1.Archaea.Nanoarchaeota	1724.445	0.0	862.2225
los	1418	GCA.001587715.1.Archaea.Methanobacteriota.B	1886.455	0.0	943.2275
los	1631	GCF.000025525.1.Archaea.Methanobacteriota.A	2558.825	0.0	1279.4125
spe	1610	1610	2447.115	2447.115	2447.115
spe	1511	1511	2126.625	2126.625	2126.625
spe	1523	1523	2166.265	2166.265	2166.265
spe	1430	1430	1938.605	1938.605	1938.605
los	1511	1428	2126.625	1947.5100000000002	2037.0675
spe	1447	1447	1969.495	1969.495	1969.495
spe	1299	1299	1716.1399999999999	1716.1399999999999	1716.1399999999999
los	1430	1178	1938.605	1580.44	1759.5225
spe	1257	1257	1616.7	1616.7	1616.7
spe	1360	1360	1812.405	1812.405	1812.405
hgt	1103	GCA.001940645.1.Archaea.Asgardarchaeota	1481.835	0.0	740.9175
spe	1118	1118	1480.595	1480.595	1480.595
spe	1055	1055	1412.42	1412.42	1412.42
spe	1256	1256	1663.625	1663.625	1663.625
los	1055	GCA.003194435.1.Archaea.Halobacteriota	1412.42	0.0	706.21
hgt	1055	GCA.003194435.1.Archaea.Halobacteriota	1412.42	0.0	706.21
spe	1015	1015	1371.3049999999998	1371.3049999999998	1371.3049999999998
los	1256	1143	1663.625	1542.125	1602.875
los	1015	GCA.003158275.1.Archaea.Halobacteriota	1371.3049999999998	0.0	685.6524999999999
spe	1013	1013	1366.345	1366.345	1366.345
hgt	1143	1013	1542.125	1366.345	1454.2350000000001
spe	911	911	1169.1970000000001	1169.1970000000001	1169.1970000000001
los	911	GCF.000011005.1.Archaea.Euryarchaeota	1169.1970000000001	0.0	584.5985000000001
