event	left node	right node	left date	right date	midpoint date
dup	1188	GCA.000406005.1.Bacteria.Poribacteria	1625.3200000000002	0.0	812.6600000000001
dup	1188	GCA.000406005.1.Bacteria.Poribacteria	1625.3200000000002	0.0	812.6600000000001
hgt	1188	GCA.000406005.1.Bacteria.Poribacteria	1625.3200000000002	0.0	812.6600000000001
hgt	1194	GCA.002347365.1.Bacteria.Actinobacteriota	1581.31	0.0	790.655
hgt	1595	GCA.002395105.1.Bacteria.Proteobacteria	2386.5499999999997	0.0	1193.2749999999999
hgt	1174	GCA.001795795.1.Bacteria.Patescibacteria	1561.23	0.0	780.615
hgt	1162	GCA.002772895.1.Bacteria.Patescibacteria	1540.585	0.0	770.2925
hgt	936	GCA.002050095.1.Bacteria.Patescibacteria	1261.67	0.0	630.835
hgt	1108	GCA.001791325.1.Bacteria.Patescibacteria	1488.46	0.0	744.23
hgt	926	GCA.001805375.1.Bacteria.Omnitrophota	1229.222	0.0	614.611
spe	1183	1183	1564.6799999999998	1564.6799999999998	1564.6799999999998
hgt	1389	1183	1839.06	1564.6799999999998	1701.87
spe	1373	1373	1835.155	1835.155	1835.155
hgt	1465	1373	2001.85	1835.155	1918.5025
spe	1419	1419	1902.685	1902.685	1902.685
spe	1265	1265	1676.35	1676.35	1676.35
spe	979	979	1328.145	1328.145	1328.145
hgt	1315	GCA.002699025.1.Bacteria.Myxococcota	1750.53	0.0	875.265
spe	1339	1339	1773.33	1773.33	1773.33
spe	1384	1384	1840.255	1840.255	1840.255
spe	1036	1036	1389.97	1389.97	1389.97
spe	1131	1131	1516.9050000000002	1516.9050000000002	1516.9050000000002
los	979	GCA.002707085.1.Bacteria.Myxococcota.A	1328.145	0.0	664.0725
hgt	1080	GCA.002721815.1.Bacteria.Myxococcota	1444.88	0.0	722.44
spe	1197	1197	1581.2649999999999	1581.2649999999999	1581.2649999999999
los	1339	1121	1773.33	1495.94	1634.635
spe	1345	1345	1777.4699999999998	1777.4699999999998	1777.4699999999998
spe	1258	1258	1647.1100000000001	1647.1100000000001	1647.1100000000001
hgt	1384	1258	1840.255	1647.1100000000001	1743.6825000000001
los	1036	GCA.002789955.1.Bacteria.Myxococcota	1389.97	0.0	694.985
spe	976	976	1313.225	1313.225	1313.225
hgt	1201	GCA.002084505.1.Bacteria.Proteobacteria	1584.245	0.0	792.1225
spe	988	988	1330.6	1330.6	1330.6
hgt	1197	GCA.002432655.1.Bacteria.Proteobacteria	1581.2649999999999	0.0	790.6324999999999
spe	1285	1285	1696.92	1696.92	1696.92
los	1345	1271	1777.4699999999998	1673.23	1725.35
spe	1177	1177	1555.685	1555.685	1555.685
los	1258	1099	1647.1100000000001	1467.95	1557.5300000000002
los	976	GCA.002726535.1.Bacteria.Myxococcota	1313.225	0.0	656.6125
los	988	GCF.000374645.1.Bacteria.Proteobacteria	1330.6	0.0	665.3
los	1285	GCA.002085445.1.Bacteria.Proteobacteria	1696.92	0.0	848.46
spe	1219	1219	1612.4099999999999	1612.4099999999999	1612.4099999999999
los	1177	1042	1555.685	1386.92	1471.3025
spe	964	964	1273.215	1273.215	1273.215
spe	1100	1100	1475.48	1475.48	1475.48
spe	947	947	1266.6599999999999	1266.6599999999999	1266.6599999999999
spe	967	967	1276.255	1276.255	1276.255
los	967	879	1276.255	953.337	1114.796
hgt	953	GCF.003612015.1.Bacteria.Proteobacteria	1256.25	0.0	628.125
hgt	913	GCA.002707205.1.Bacteria.Proteobacteria	1160.694	0.0	580.347
hgt	879	GCA.002292285.1.Bacteria.Proteobacteria	953.337	0.0	476.6685
