event	left node	right node	left date	right date	midpoint date
los	1730	UNSAMPLED	?	0.0	?
los	1730	UNSAMPLED	?	0.0	?
hgt	1730	UNSAMPLED	?	0.0	?
hgt	1572	GCA.001872725.1.Bacteria.Proteobacteria	2159.8	0.0	1079.9
spe	1435	1435	1948.8049999999998	1948.8049999999998	1948.8049999999998
spe	1300	1300	1706.635	1706.635	1706.635
spe	1419	1419	1902.685	1902.685	1902.685
hgt	1073	GCA.002747435.1.Bacteria.Proteobacteria	1417.275	0.0	708.6375
spe	1069	1069	1414.39	1414.39	1414.39
los	1300	1160	1706.635	1535.435	1621.0349999999999
spe	1339	1339	1773.33	1773.33	1773.33
spe	1384	1384	1840.255	1840.255	1840.255
spe	1038	1038	1380.83	1380.83	1380.83
hgt	1211	1038	1596.9450000000002	1380.83	1488.8875
los	1069	GCF.000239355.1.Bacteria.Proteobacteria	1414.39	0.0	707.195
spe	1197	1197	1581.2649999999999	1581.2649999999999	1581.2649999999999
spe	1121	1121	1495.94	1495.94	1495.94
spe	1345	1345	1777.4699999999998	1777.4699999999998	1777.4699999999998
spe	1258	1258	1647.1100000000001	1647.1100000000001	1647.1100000000001
spe	894	894	1067.6595	1067.6595	1067.6595
spe	988	988	1330.6	1330.6	1330.6
los	1197	GCA.002432655.1.Bacteria.Proteobacteria	1581.2649999999999	0.0	790.6324999999999
spe	1009	1009	1344.875	1344.875	1344.875
spe	1022	1022	1375.33	1375.33	1375.33
spe	1285	1285	1696.92	1696.92	1696.92
los	1345	1271	1777.4699999999998	1673.23	1725.35
spe	1177	1177	1555.685	1555.685	1555.685
spe	1099	1099	1467.95	1467.95	1467.95
los	894	GCA.002699105.1.Bacteria.Bacteroidota	1067.6595	0.0	533.82975
los	988	GCF.900112605.1.Bacteria.Proteobacteria	1330.6	0.0	665.3
spe	891	891	1079.9275	1079.9275	1079.9275
spe	916	916	1166.9135	1166.9135	1166.9135
los	1285	GCA.002085445.1.Bacteria.Proteobacteria	1696.92	0.0	848.46
spe	1219	1219	1612.4099999999999	1612.4099999999999	1612.4099999999999
spe	1042	1042	1386.92	1386.92	1386.92
los	1177	GCA.002840095.1.Bacteria.Proteobacteria	1555.685	0.0	777.8425
los	1099	951	1467.95	1269.845	1368.8975
hgt	1099	951	1467.95	1269.845	1368.8975
spe	995	995	1332.36	1332.36	1332.36
los	891	GCA.003137095.1.Bacteria.Proteobacteria	1079.9275	0.0	539.96375
hgt	891	GCA.003137095.1.Bacteria.Proteobacteria	1079.9275	0.0	539.96375
spe	964	964	1273.215	1273.215	1273.215
spe	1100	1100	1475.48	1475.48	1475.48
los	1042	GCF.001697225.1.Bacteria.Proteobacteria	1386.92	0.0	693.46
spe	947	947	1266.6599999999999	1266.6599999999999	1266.6599999999999
spe	967	967	1276.255	1276.255	1276.255
los	947	GCA.002454015.1.Bacteria.Proteobacteria	1266.6599999999999	0.0	633.3299999999999
spe	879	879	953.337	953.337	953.337
spe	877	877	936.1675	936.1675	936.1675
hgt	953	877	1256.25	936.1675	1096.20875
los	879	GCA.002170535.1.Bacteria.Proteobacteria	953.337	0.0	476.6685
