event	left node	right node	left date	right date	midpoint date
los	1730	UNSAMPLED	?	0.0	?
los	1730	UNSAMPLED	?	0.0	?
los	1730	UNSAMPLED	?	0.0	?
los	1730	UNSAMPLED	?	0.0	?
los	1730	UNSAMPLED	?	0.0	?
los	1730	UNSAMPLED	?	0.0	?
los	1730	UNSAMPLED	?	0.0	?
los	1730	UNSAMPLED	?	0.0	?
los	1730	UNSAMPLED	?	0.0	?
hgt	1730	UNSAMPLED	?	0.0	?
hgt	1730	UNSAMPLED	?	0.0	?
hgt	1730	UNSAMPLED	?	0.0	?
hgt	1730	UNSAMPLED	?	0.0	?
hgt	1730	UNSAMPLED	?	0.0	?
hgt	1730	UNSAMPLED	?	0.0	?
hgt	1730	UNSAMPLED	?	0.0	?
hgt	1650	GCA.002402105.1.Bacteria.UBP17	2699.305	0.0	1349.6525
spe	1707	1707	3193.95	3193.95	3193.95
spe	1688	1688	2939.2799999999997	2939.2799999999997	2939.2799999999997
spe	1664	1664	2735.485	2735.485	2735.485
spe	1617	1617	2482.645	2482.645	2482.645
spe	1655	1655	2704.015	2704.015	2704.015
spe	1601	1601	2381.485	2381.485	2381.485
los	1664	1628	2735.485	2549.5249999999996	2642.505
spe	1484	1484	2065.88	2065.88	2065.88
spe	1580	1580	2342.65	2342.65	2342.65
los	1655	1363	2704.015	1841.77	2272.8925
hgt	1601	GCA.003136555.1.Bacteria.Planctomycetota	2381.485	0.0	1190.7425
hgt	1601	GCA.003136555.1.Bacteria.Planctomycetota	2381.485	0.0	1190.7425
spe	1489	1489	2045.545	2045.545	2045.545
los	1484	1272	2065.88	1696.525	1881.2025
spe	1380	1380	1846.505	1846.505	1846.505
spe	1457	1457	1989.305	1989.305	1989.305
spe	1368	1368	1842.3500000000001	1842.3500000000001	1842.3500000000001
los	1489	GCA.002746535.1.Bacteria.Planctomycetota	2045.545	0.0	1022.7725
hgt	1489	GCA.002746535.1.Bacteria.Planctomycetota	2045.545	0.0	1022.7725
spe	1394	1394	1867.7749999999999	1867.7749999999999	1867.7749999999999
hgt	1576	1394	2350.185	1867.7749999999999	2108.98
spe	1421	1421	1933.765	1933.765	1933.765
hgt	1702	1421	3126.015	1933.765	2529.89
los	1380	1117	1846.505	1496.5349999999999	1671.52
los	1457	1214	1989.305	1595.8649999999998	1792.585
spe	1070	1070	1450.325	1450.325	1450.325
los	1368	GCA.001804805.1.Bacteria.Verrucomicrobiota	1842.3500000000001	0.0	921.1750000000001
hgt	1368	GCA.001804805.1.Bacteria.Verrucomicrobiota	1842.3500000000001	0.0	921.1750000000001
spe	1179	1179	1592.935	1592.935	1592.935
spe	1154	1154	1556.09	1556.09	1556.09
hgt	1579	GCA.002686955.1.Bacteria.Gemmatimonadota.A	2350.395	0.0	1175.1975
hgt	1117	GCA.002382525.1.Bacteria.Verrucomicrobiota	1496.5349999999999	0.0	748.2674999999999
los	1070	GCA.002369235.1.Bacteria.Verrucomicrobiota	1450.325	0.0	725.1625
spe	1114	1114	1506.615	1506.615	1506.615
los	1154	GCA.003508595.1.Bacteria.Planctomycetota	1556.09	0.0	778.045
spe	928	928	1208.648	1208.648	1208.648
hgt	1431	GCA.003105265.1.Bacteria.Zixibacteria	1942.745	0.0	971.3725
spe	963	963	1318.23	1318.23	1318.23
los	928	GCA.002404095.1.Bacteria.Planctomycetota	1208.648	0.0	604.324
los	963	GCA.002340265.1.Bacteria.Verrucomicrobiota	1318.23	0.0	659.115
hgt	991	GCA.002839495.1.Bacteria.Planctomycetota	1348.8899999999999	0.0	674.4449999999999
spe	1309	1309	1727.0149999999999	1727.0149999999999	1727.0149999999999
hgt	1480	1309	2048.45	1727.0149999999999	1887.7324999999998
hgt	1366	GCA.002897695.1.Bacteria.BMS3Abin14	1810.42	0.0	905.21
spe	1138	1138	1516.145	1516.145	1516.145
los	1138	GCA.003155335.1.Bacteria.Acidobacteriota	1516.145	0.0	758.0725
hgt	1560	GCA.002937675.1.Bacteria.Proteobacteria	2290.125	0.0	1145.0625
spe	1205	1205	1583.705	1583.705	1583.705
hgt	1389	1205	1839.06	1583.705	1711.3825
hgt	1205	GCA.002352565.1.Bacteria.Proteobacteria	1583.705	0.0	791.8525
spe	1282	1282	1694.565	1694.565	1694.565
hgt	1336	1282	1775.885	1694.565	1735.225
spe	1121	1121	1495.94	1495.94	1495.94
hgt	1339	1121	1773.33	1495.94	1634.635
hgt	1000	GCA.002898275.1.Bacteria.Proteobacteria	1353.935	0.0	676.9675
hgt	1000	GCA.002238885.1.Bacteria.Proteobacteria	1353.935	0.0	676.9675
spe	1237	1237	1624.365	1624.365	1624.365
hgt	1314	1237	1750.105	1624.365	1687.2350000000001
spe	980	980	1316.1950000000002	1316.1950000000002	1316.1950000000002
hgt	1282	980	1694.565	1316.1950000000002	1505.38
spe	1228	1228	1636.7800000000002	1636.7800000000002	1636.7800000000002
hgt	1038	GCF.001614315.2.Bacteria.Proteobacteria	1380.83	0.0	690.415
hgt	1068	GCA.002386945.1.Bacteria.Proteobacteria	1434.31	0.0	717.155
spe	1009	1009	1344.875	1344.875	1344.875
spe	1022	1022	1375.33	1375.33	1375.33
spe	1285	1285	1696.92	1696.92	1696.92
hgt	1345	1285	1777.4699999999998	1696.92	1737.195
hgt	1088	GCA.002723345.1.Bacteria.Proteobacteria	1422.265	0.0	711.1325
dup	1089	GCA.002717185.1.Bacteria.Proteobacteria	1453.8899999999999	0.0	726.9449999999999
hgt	1089	GCA.002717185.1.Bacteria.Proteobacteria	1453.8899999999999	0.0	726.9449999999999
hgt	1089	GCA.002717185.1.Bacteria.Proteobacteria	1453.8899999999999	0.0	726.9449999999999
spe	1113	1113	1476.57	1476.57	1476.57
hgt	980	GCA.002701885.1.Bacteria.Proteobacteria	1316.1950000000002	0.0	658.0975000000001
spe	986	986	1312.7	1312.7	1312.7
spe	1145	1145	1544.73	1544.73	1544.73
spe	891	891	1079.9275	1079.9275	1079.9275
los	1022	GCA.003228965.1.Bacteria.Proteobacteria	1375.33	0.0	687.665
spe	916	916	1166.9135	1166.9135	1166.9135
spe	1219	1219	1612.4099999999999	1612.4099999999999	1612.4099999999999
hgt	1285	1219	1696.92	1612.4099999999999	1654.665
spe	909	909	1137.223	1137.223	1137.223
hgt	999	909	1339.17	1137.223	1238.1965
spe	954	954	1226.72	1226.72	1226.72
hgt	986	GCF.002798435.1.Bacteria.Proteobacteria	1312.7	0.0	656.35
los	1145	948	1544.73	1237.1634999999999	1390.94675
spe	948	948	1237.1634999999999	1237.1634999999999	1237.1634999999999
hgt	1145	948	1544.73	1237.1634999999999	1390.94675
spe	1067	1067	1436.825	1436.825	1436.825
los	891	GCA.003137095.1.Bacteria.Proteobacteria	1079.9275	0.0	539.96375
hgt	891	GCA.003137095.1.Bacteria.Proteobacteria	1079.9275	0.0	539.96375
los	916	GCA.002338605.1.Bacteria.Proteobacteria	1166.9135	0.0	583.45675
spe	964	964	1273.215	1273.215	1273.215
spe	1100	1100	1475.48	1475.48	1475.48
hgt	1042	GCF.001697225.1.Bacteria.Proteobacteria	1386.92	0.0	693.46
spe	904	904	1094.241	1094.241	1094.241
spe	904	904	1094.241	1094.241	1094.241
hgt	954	904	1226.72	1094.241	1160.4805000000001
spe	946	946	1261.48	1261.48	1261.48
spe	952	952	1269.025	1269.025	1269.025
los	964	GCF.000024725.1.Bacteria.Proteobacteria	1273.215	0.0	636.6075
spe	947	947	1266.6599999999999	1266.6599999999999	1266.6599999999999
spe	967	967	1276.255	1276.255	1276.255
spe	881	881	948.5585	948.5585	948.5585
spe	881	881	948.5585	948.5585	948.5585
hgt	917	GCF.003258945.1.Bacteria.Proteobacteria	1181.4985000000001	0.0	590.7492500000001
los	946	GCF.000192575.1.Bacteria.Proteobacteria	1261.48	0.0	630.74
hgt	946	GCF.000192575.1.Bacteria.Proteobacteria	1261.48	0.0	630.74
spe	895	895	1116.0495	1116.0495	1116.0495
spe	920	920	1217.64	1217.64	1217.64
spe	879	879	953.337	953.337	953.337
los	881	GCA.002457765.1.Bacteria.Proteobacteria	948.5585	0.0	474.27925
los	881	GCA.002457765.1.Bacteria.Proteobacteria	948.5585	0.0	474.27925
spe	873	873	884.6055000000001	884.6055000000001	884.6055000000001
los	895	GCA.002280485.1.Bacteria.Proteobacteria	1116.0495	0.0	558.02475
los	920	GCA.001464215.1.Bacteria.Proteobacteria	1217.64	0.0	608.82
los	879	GCA.002170535.1.Bacteria.Proteobacteria	953.337	0.0	476.6685
hgt	877	GCF.003052605.1.Bacteria.Proteobacteria	936.1675	0.0	468.08375
los	873	GCA.003454415.1.Bacteria.Proteobacteria	884.6055000000001	0.0	442.30275000000006
hgt	873	GCA.003454415.1.Bacteria.Proteobacteria	884.6055000000001	0.0	442.30275000000006
