event	left node	right node	left date	right date	midpoint date
los	1730	UNSAMPLED	?	0.0	?
los	1730	UNSAMPLED	?	0.0	?
los	1730	UNSAMPLED	?	0.0	?
hgt	1730	UNSAMPLED	?	0.0	?
hgt	1730	UNSAMPLED	?	0.0	?
hgt	1730	UNSAMPLED	?	0.0	?
hgt	1730	UNSAMPLED	?	0.0	?
hgt	1247	GCA.003151665.1.Bacteria.Dormibacterota	1723.2350000000001	0.0	861.6175000000001
spe	1620	1620	2510.455	2510.455	2510.455
spe	1546	1546	2249.485	2249.485	2249.485
hgt	1594	1546	2416.915	2249.485	2333.2
hgt	1620	GCF.000484535.1.Bacteria.Cyanobacteria	2510.455	0.0	1255.2275
spe	1584	1584	2371.88	2371.88	2371.88
hgt	1375	GCA.001795235.1.Bacteria.Chloroflexota	1801.635	0.0	900.8175
spe	1452	1452	1987.5749999999998	1987.5749999999998	1987.5749999999998
spe	1500	1500	2094.15	2094.15	2094.15
spe	1542	1542	2232.24	2232.24	2232.24
spe	1164	1164	1538.99	1538.99	1538.99
spe	1395	1395	1858.705	1858.705	1858.705
spe	1312	1312	1749.085	1749.085	1749.085
spe	970	970	1294.4735	1294.4735	1294.4735
spe	1503	1503	2105.2200000000003	2105.2200000000003	2105.2200000000003
spe	1492	1492	2064.395	2064.395	2064.395
los	1164	GCF.003967555.1.Bacteria.Chloroflexota	1538.99	0.0	769.495
los	1395	GCA.002436065.1.Bacteria.Chloroflexota	1858.705	0.0	929.3525
spe	1129	1129	1519.02	1519.02	1519.02
los	1312	GCF.000025005.1.Bacteria.Chloroflexota	1749.085	0.0	874.5425
spe	1175	1175	1574.225	1574.225	1574.225
spe	1362	1362	1717.6950000000002	1717.6950000000002	1717.6950000000002
spe	1460	1460	2001.3500000000001	2001.3500000000001	2001.3500000000001
los	1492	1359	2064.395	1811.9850000000001	1938.19
los	1129	GCA.002347925.1.Bacteria.Chloroflexota	1519.02	0.0	759.51
los	1175	1053	1574.225	1431.56	1502.8925
los	1362	GCF.002251945.1.Bacteria.Cyanobacteria	1717.6950000000002	0.0	858.8475000000001
hgt	1362	GCF.002251945.1.Bacteria.Cyanobacteria	1717.6950000000002	0.0	858.8475000000001
spe	1184	1184	1509.135	1509.135	1509.135
hgt	1460	1184	2001.3500000000001	1509.135	1755.2425
spe	1426	1426	1938.175	1938.175	1938.175
spe	868	868	796.3525	796.3525	796.3525
dup	1426	GCF.003838225.1.Bacteria.Cyanobacteria	1938.175	0.0	969.0875
hgt	1426	GCF.003838225.1.Bacteria.Cyanobacteria	1938.175	0.0	969.0875
spe	1401	1401	1887.2350000000001	1887.2350000000001	1887.2350000000001
spe	867	867	163.12655	163.12655	163.12655
spe	1291	1291	1635.52	1635.52	1635.52
spe	1364	1364	1825.65	1825.65	1825.65
spe	1364	1364	1825.65	1825.65	1825.65
hgt	1401	1364	1887.2350000000001	1825.65	1856.4425
los	1291	1135	1635.52	1444.79	1540.155
spe	1147	1147	1436.775	1436.775	1436.775
spe	1147	1147	1436.775	1436.775	1436.775
los	1364	1326	1825.65	1773.275	1799.4625
spe	1326	1326	1773.275	1773.275	1773.275
hgt	1135	GCF.000316115.1.Bacteria.Cyanobacteria	1444.79	0.0	722.395
hgt	1135	GCA.001698445.1.Bacteria.Cyanobacteria	1444.79	0.0	722.395
los	1147	GCF.002215035.1.Bacteria.Cyanobacteria	1436.775	0.0	718.3875
los	1147	GCF.000353285.1.Bacteria.Cyanobacteria	1436.775	0.0	718.3875
los	1326	1224	1773.275	1634.795	1704.035
spe	1224	1224	1634.795	1634.795	1634.795
hgt	1326	1224	1773.275	1634.795	1704.035
spe	866	866	34.435	34.435	34.435
spe	910	910	920.2075	920.2075	920.2075
los	866	Richelia.intracellularis.HM01	34.435	0.0	17.2175
spe	871	871	795.3699999999999	795.3699999999999	795.3699999999999
