event	left node	right node	left date	right date	midpoint date
los	1730	UNSAMPLED	?	0.0	?
los	1730	UNSAMPLED	?	0.0	?
los	1730	UNSAMPLED	?	0.0	?
los	1730	UNSAMPLED	?	0.0	?
los	1730	UNSAMPLED	?	0.0	?
los	1730	UNSAMPLED	?	0.0	?
hgt	1730	UNSAMPLED	?	0.0	?
hgt	1730	UNSAMPLED	?	0.0	?
hgt	1730	UNSAMPLED	?	0.0	?
hgt	1730	UNSAMPLED	?	0.0	?
hgt	1730	UNSAMPLED	?	0.0	?
hgt	1730	UNSAMPLED	?	0.0	?
hgt	1730	UNSAMPLED	?	0.0	?
hgt	1351	GCA.002409445.1.Bacteria.Armatimonadota	1805.495	0.0	902.7475
hgt	1572	GCF.002795805.1.Bacteria.Proteobacteria	2159.8	0.0	1079.9
hgt	1253	GCA.002420425.1.Bacteria.Proteobacteria	1606.2350000000001	0.0	803.1175000000001
hgt	1156	GCA.002405475.1.Bacteria.Proteobacteria	1529.0749999999998	0.0	764.5374999999999
hgt	1305	GCF.900111015.1.Bacteria.Proteobacteria	1675.5300000000002	0.0	837.7650000000001
spe	1471	1471	2020.585	2020.585	2020.585
spe	1386	1386	1844.995	1844.995	1844.995
spe	1435	1435	1948.8049999999998	1948.8049999999998	1948.8049999999998
hgt	1205	GCA.002631715.1.Bacteria.Proteobacteria	1583.705	0.0	791.8525
los	1386	1073	1844.995	1417.275	1631.135
spe	1073	1073	1417.275	1417.275	1417.275
hgt	1386	1073	1844.995	1417.275	1631.135
spe	1329	1329	1768.4450000000002	1768.4450000000002	1768.4450000000002
spe	1300	1300	1706.635	1706.635	1706.635
spe	1419	1419	1902.685	1902.685	1902.685
los	1329	1211	1768.4450000000002	1596.9450000000002	1682.6950000000002
spe	1186	1186	1588.765	1588.765	1588.765
spe	1069	1069	1414.39	1414.39	1414.39
los	1300	1160	1706.635	1535.435	1621.0349999999999
los	1419	1339	1902.685	1773.33	1838.0075
spe	1384	1384	1840.255	1840.255	1840.255
hgt	1211	GCF.001641825.1.Bacteria.Proteobacteria	1596.9450000000002	0.0	798.4725000000001
spe	1068	1068	1434.31	1434.31	1434.31
dup	1069	GCF.002958735.1.Bacteria.Proteobacteria	1414.39	0.0	707.195
hgt	1160	GCA.002255365.1.Bacteria.Proteobacteria	1535.435	0.0	767.7175
spe	1121	1121	1495.94	1495.94	1495.94
hgt	1339	1121	1773.33	1495.94	1634.635
spe	1345	1345	1777.4699999999998	1777.4699999999998	1777.4699999999998
spe	1258	1258	1647.1100000000001	1647.1100000000001	1647.1100000000001
hgt	1038	GCF.001614315.2.Bacteria.Proteobacteria	1380.83	0.0	690.415
los	1068	925	1434.31	1225.2445	1329.77725
hgt	1026	GCF.001051235.1.Bacteria.Proteobacteria	1379.435	0.0	689.7175
hgt	1026	GCA.002862435.1.Bacteria.Proteobacteria	1379.435	0.0	689.7175
spe	988	988	1330.6	1330.6	1330.6
hgt	1197	988	1581.2649999999999	1330.6	1455.9325
hgt	1197	GCA.002432655.1.Bacteria.Proteobacteria	1581.2649999999999	0.0	790.6324999999999
spe	1009	1009	1344.875	1344.875	1344.875
spe	1022	1022	1375.33	1375.33	1375.33
spe	1285	1285	1696.92	1696.92	1696.92
spe	1271	1271	1673.23	1673.23	1673.23
spe	1177	1177	1555.685	1555.685	1555.685
spe	1099	1099	1467.95	1467.95	1467.95
los	1009	891	1344.875	1079.9275	1212.40125
spe	891	891	1079.9275	1079.9275	1079.9275
hgt	1009	891	1344.875	1079.9275	1212.40125
spe	916	916	1166.9135	1166.9135	1166.9135
spe	1219	1219	1612.4099999999999	1612.4099999999999	1612.4099999999999
spe	1136	1136	1511.5549999999998	1511.5549999999998	1511.5549999999998
spe	1144	1144	1532.81	1532.81	1532.81
los	1177	1042	1555.685	1386.92	1471.3025
spe	951	951	1269.845	1269.845	1269.845
spe	995	995	1332.36	1332.36	1332.36
los	1219	964	1612.4099999999999	1273.215	1442.8125
spe	1100	1100	1475.48	1475.48	1475.48
spe	994	994	1316.435	1316.435	1316.435
spe	1044	1044	1391.71	1391.71	1391.71
spe	1049	1049	1408.935	1408.935	1408.935
los	1144	1071	1532.81	1429.77	1481.29
hgt	1042	GCF.002020875.1.Bacteria.Proteobacteria	1386.92	0.0	693.46
hgt	1042	GCF.001697225.1.Bacteria.Proteobacteria	1386.92	0.0	693.46
los	951	GCA.002400775.1.Bacteria.Proteobacteria	1269.845	0.0	634.9225
hgt	964	GCF.001720165.1.Bacteria.Proteobacteria	1273.215	0.0	636.6075
hgt	964	GCF.000024725.1.Bacteria.Proteobacteria	1273.215	0.0	636.6075
spe	947	947	1266.6599999999999	1266.6599999999999	1266.6599999999999
los	1100	967	1475.48	1276.255	1375.8675
los	1044	GCF.003097315.1.Bacteria.Proteobacteria	1391.71	0.0	695.855
hgt	1044	GCF.003097315.1.Bacteria.Proteobacteria	1391.71	0.0	695.855
spe	953	953	1256.25	1256.25	1256.25
spe	913	913	1160.694	1160.694	1160.694
spe	1002	1002	1334.115	1334.115	1334.115
hgt	1071	1002	1429.77	1334.115	1381.9425
hgt	946	GCA.002731375.1.Bacteria.Proteobacteria	1261.48	0.0	630.74
hgt	967	GCA.002007425.1.Bacteria.Proteobacteria	1276.255	0.0	638.1275
los	953	GCF.003612015.1.Bacteria.Proteobacteria	1256.25	0.0	628.125
spe	877	877	936.1675	936.1675	936.1675
los	913	GCA.002796245.1.Bacteria.Proteobacteria	1160.694	0.0	580.347
spe	932	932	1221.505	1221.505	1221.505
hgt	879	GCA.002292285.1.Bacteria.Proteobacteria	953.337	0.0	476.6685
los	877	GCF.000284615.1.Bacteria.Proteobacteria	936.1675	0.0	468.08375
hgt	877	GCF.000284615.1.Bacteria.Proteobacteria	936.1675	0.0	468.08375
los	932	GCA.002429595.1.Bacteria.Proteobacteria	1221.505	0.0	610.7525
spe	887	887	1021.298	1021.298	1021.298
los	887	GCA.001801285.1.Bacteria.Proteobacteria	1021.298	0.0	510.649
