event	left node	right node	left date	right date	midpoint date
los	1730	UNSAMPLED	?	0.0	?
los	1730	UNSAMPLED	?	0.0	?
los	1730	UNSAMPLED	?	0.0	?
los	1730	UNSAMPLED	?	0.0	?
los	1730	UNSAMPLED	?	0.0	?
los	1730	UNSAMPLED	?	0.0	?
los	1730	UNSAMPLED	?	0.0	?
los	1730	UNSAMPLED	?	0.0	?
los	1730	UNSAMPLED	?	0.0	?
los	1730	UNSAMPLED	?	0.0	?
los	1730	UNSAMPLED	?	0.0	?
los	1730	UNSAMPLED	?	0.0	?
hgt	1730	UNSAMPLED	?	0.0	?
hgt	1730	UNSAMPLED	?	0.0	?
hgt	1730	UNSAMPLED	?	0.0	?
hgt	1730	UNSAMPLED	?	0.0	?
hgt	1730	UNSAMPLED	?	0.0	?
hgt	1730	UNSAMPLED	?	0.0	?
hgt	1730	UNSAMPLED	?	0.0	?
hgt	1730	UNSAMPLED	?	0.0	?
hgt	1730	UNSAMPLED	?	0.0	?
spe	1714	1714	3319.26	3319.26	3319.26
spe	1660	1660	2723.8500000000004	2723.8500000000004	2723.8500000000004
spe	1703	1703	3133.075	3133.075	3133.075
los	1660	1625	2723.8500000000004	2538.56	2631.205
spe	1624	1624	2537.965	2537.965	2537.965
spe	1665	1665	2752.4700000000003	2752.4700000000003	2752.4700000000003
spe	1674	1674	2803.98	2803.98	2803.98
los	1624	GCA.002898935.1.Bacteria.CSP1.3	2537.965	0.0	1268.9825
spe	1602	1602	2426.2	2426.2	2426.2
los	1665	GCA.002779205.1.Bacteria.Actinobacteriota	2752.4700000000003	0.0	1376.2350000000001
spe	1648	1648	2676.31	2676.31	2676.31
spe	1464	1464	2064.13	2064.13	2064.13
spe	1651	1651	2692.5550000000003	2692.5550000000003	2692.5550000000003
spe	1469	1469	2045.295	2045.295	2045.295
spe	1544	1544	2238.98	2238.98	2238.98
spe	1348	1348	1803.2849999999999	1803.2849999999999	1803.2849999999999
spe	1626	1626	2550.5649999999996	2550.5649999999996	2550.5649999999996
los	1464	1335	2064.13	1800.3999999999999	1932.2649999999999
spe	1390	1390	1896.8449999999998	1896.8449999999998	1896.8449999999998
los	1651	1615	2692.5550000000003	2397.09	2544.8225
spe	1639	1639	2619.0699999999997	2619.0699999999997	2619.0699999999997
spe	1278	1278	1709.425	1709.425	1709.425
spe	1227	1227	1621.275	1621.275	1621.275
spe	1356	1356	1799.1799999999998	1799.1799999999998	1799.1799999999998
los	1544	1479	2238.98	2045.895	2142.4375
spe	1353	1353	1777.3000000000002	1777.3000000000002	1777.3000000000002
spe	1590	1590	2405.8050000000003	2405.8050000000003	2405.8050000000003
spe	1092	1092	1478.5900000000001	1478.5900000000001	1478.5900000000001
hgt	1335	1092	1800.3999999999999	1478.5900000000001	1639.495
spe	1190	1190	1617.44	1617.44	1617.44
hgt	1335	1190	1800.3999999999999	1617.44	1708.92
los	1390	1262	1896.8449999999998	1695.79	1796.3174999999999
spe	1262	1262	1695.79	1695.79	1695.79
hgt	1390	1262	1896.8449999999998	1695.79	1796.3174999999999
spe	1170	1170	1584.4	1584.4	1584.4
hgt	1615	GCA.001513125.1.Bacteria.DTU030	2397.09	0.0	1198.545
spe	1458	1458	2011.28	2011.28	2011.28
spe	1618	1618	2495.045	2495.045	2495.045
spe	1054	1054	1444.87	1444.87	1444.87
los	1227	GCA.002352215.1.Bacteria.Armatimonadota	1621.275	0.0	810.6375
los	1356	GCA.002898575.1.Bacteria.Armatimonadota	1799.1799999999998	0.0	899.5899999999999
hgt	1356	GCA.002898575.1.Bacteria.Armatimonadota	1799.1799999999998	0.0	899.5899999999999
los	1353	GCA.001768645.1.Bacteria.Actinobacteriota	1777.3000000000002	0.0	888.6500000000001
los	1590	1507	2405.8050000000003	2113.35	2259.5775000000003
spe	1507	1507	2113.35	2113.35	2113.35
hgt	1590	1507	2405.8050000000003	2113.35	2259.5775000000003
spe	1545	1545	2236.7	2236.7	2236.7
spe	1041	1041	1426.32	1426.32	1426.32
spe	971	971	1335.97	1335.97	1335.97
los	1170	1052	1584.4	1446.125	1515.2625
spe	1052	1052	1446.125	1446.125	1446.125
hgt	1170	1052	1584.4	1446.125	1515.2625
hgt	1420	GCF.000020005.1.Bacteria.Firmicutes.D	1902.285	0.0	951.1425
spe	1153	1153	1546.995	1546.995	1546.995
spe	1393	1393	1872.885	1872.885	1872.885
los	1618	1551	2495.045	2255.985	2375.5150000000003
spe	1607	1607	2426.135	2426.135	2426.135
spe	972	972	1340.3400000000001	1340.3400000000001	1340.3400000000001
los	1054	GCA.002431715.1.Bacteria.Armatimonadota	1444.87	0.0	722.435
spe	1347	1347	1788.28	1788.28	1788.28
spe	1467	1467	2012.51	2012.51	2012.51
los	1545	1399	2236.7	1876.995	2056.8475
spe	1194	1194	1581.31	1581.31	1581.31
spe	940	940	1264.8925	1264.8925	1264.8925
los	971	GCA.002399265.1.Bacteria.Firmicutes.G	1335.97	0.0	667.985
hgt	971	GCA.002399265.1.Bacteria.Firmicutes.G	1335.97	0.0	667.985
hgt	1007	GCF.000328625.1.Bacteria.Firmicutes.F	1418.775	0.0	709.3875
spe	1288	1288	1712.115	1712.115	1712.115
spe	1251	1251	1667.9650000000001	1667.9650000000001	1667.9650000000001
spe	1337	1337	1697.815	1697.815	1697.815
hgt	1551	1337	2255.985	1697.815	1976.9
spe	1554	1554	2263.0	2263.0	2263.0
spe	1568	1568	2312.8050000000003	2312.8050000000003	2312.8050000000003
hgt	1124	GCA.002305165.1.Bacteria.Armatimonadota	1516.115	0.0	758.0575
spe	1210	1210	1606.47	1606.47	1606.47
los	1347	GCA.001767695.1.Bacteria.Actinobacteriota	1788.28	0.0	894.14
los	1467	1128	2012.51	1487.92	1750.2150000000001
spe	1382	1382	1838.915	1838.915	1838.915
los	1194	GCA.000434775.1.Bacteria.Actinobacteriota	1581.31	0.0	790.655
los	940	GCA.002396805.1.Bacteria.Firmicutes.G	1264.8925	0.0	632.44625
hgt	940	GCA.002396805.1.Bacteria.Firmicutes.G	1264.8925	0.0	632.44625
los	1288	GCA.003023725.1.Bacteria.Firmicutes.E	1712.115	0.0	856.0575
spe	1123	1123	1509.365	1509.365	1509.365
los	1251	1084	1667.9650000000001	1465.43	1566.6975000000002
hgt	1251	1084	1667.9650000000001	1465.43	1566.6975000000002
hgt	1337	GCA.002376045.1.Bacteria.Firmicutes.A	1697.815	0.0	848.9075
hgt	1494	GCF.000166335.1.Bacteria.Firmicutes.A	2085.065	0.0	1042.5325
los	1554	1456	2263.0	1989.36	2126.18
spe	1477	1477	2039.0500000000002	2039.0500000000002	2039.0500000000002
los	1568	1213	2312.8050000000003	1602.185	1957.4950000000001
spe	1550	1550	2240.33	2240.33	2240.33
spe	984	984	1323.4650000000001	1323.4650000000001	1323.4650000000001
spe	1120	1120	1480.79	1480.79	1480.79
los	1123	GCA.003242675.1.Bacteria.Firmicutes.E	1509.365	0.0	754.6825
spe	1021	1021	1388.78	1388.78	1388.78
spe	1192	1192	1576.985	1576.985	1576.985
hgt	1429	1192	1953.0900000000001	1576.985	1765.0375
spe	1149	1149	1516.6599999999999	1516.6599999999999	1516.6599999999999
spe	1397	1397	1862.4850000000001	1862.4850000000001	1862.4850000000001
hgt	1213	GCA.002385745.1.Bacteria.Firmicutes.D	1602.185	0.0	801.0925
spe	1318	1318	1678.19	1678.19	1678.19
spe	1483	1483	2049.0099999999998	2049.0099999999998	2049.0099999999998
los	984	GCA.003140175.1.Bacteria.Actinobacteriota	1323.4650000000001	0.0	661.7325000000001
spe	892	892	1082.515	1082.515	1082.515
spe	1037	1037	1370.4699999999998	1370.4699999999998	1370.4699999999998
los	1021	GCA.002385465.1.Bacteria.Firmicutes.E	1388.78	0.0	694.39
spe	1032	1032	1401.9	1401.9	1401.9
los	1149	GCF.000024605.1.Bacteria.Firmicutes.B	1516.6599999999999	0.0	758.3299999999999
hgt	1149	GCF.000024605.1.Bacteria.Firmicutes.B	1516.6599999999999	0.0	758.3299999999999
spe	1207	1207	1576.575	1576.575	1576.575
spe	1338	1338	1779.53	1779.53	1779.53
los	1318	GCF.900111575.1.Bacteria.Firmicutes.D	1678.19	0.0	839.095
hgt	1318	GCF.900111575.1.Bacteria.Firmicutes.D	1678.19	0.0	839.095
spe	1163	1163	1549.5949999999998	1549.5949999999998	1549.5949999999998
hgt	1483	1163	2049.0099999999998	1549.5949999999998	1799.3024999999998
spe	1449	1449	1971.49	1971.49	1971.49
los	892	GCA.003162395.1.Bacteria.Actinobacteriota	1082.515	0.0	541.2575
spe	975	975	1276.115	1276.115	1276.115
spe	968	968	1261.825	1261.825	1261.825
hgt	930	GCA.003138355.1.Bacteria.Actinobacteriota	1221.364	0.0	610.682
los	1207	GCA.002329495.1.Bacteria.Firmicutes.B	1576.575	0.0	788.2875
spe	1082	1082	1436.52	1436.52	1436.52
spe	1212	1212	1606.5500000000002	1606.5500000000002	1606.5500000000002
spe	1292	1292	1708.06	1708.06	1708.06
hgt	1338	1292	1779.53	1708.06	1743.795
los	1163	1003	1549.5949999999998	1365.895	1457.745
los	1449	1172	1971.49	1523.81	1747.65
hgt	1449	1172	1971.49	1523.81	1747.65
spe	1423	1423	1907.4450000000002	1907.4450000000002	1907.4450000000002
los	975	GCF.003443735.1.Bacteria.Actinobacteriota	1276.115	0.0	638.0575
spe	886	886	976.5785	976.5785	976.5785
los	968	907	1261.825	1110.6399999999999	1186.2325
spe	898	898	1087.464	1087.464	1087.464
hgt	1076	GCF.002252565.1.Bacteria.Firmicutes.A	1451.62	0.0	725.81
los	1082	GCF.900176005.1.Bacteria.Firmicutes.B	1436.52	0.0	718.26
spe	990	990	1333.3400000000001	1333.3400000000001	1333.3400000000001
spe	1086	1086	1451.1	1451.1	1451.1
los	1292	1216	1708.06	1607.725	1657.8925
spe	1034	1034	1384.555	1384.555	1384.555
hgt	1172	GCF.001653195.1.Bacteria.Firmicutes	1523.81	0.0	761.905
spe	1209	1209	1520.8899999999999	1520.8899999999999	1520.8899999999999
spe	1388	1388	1843.3449999999998	1843.3449999999998	1843.3449999999998
hgt	907	GCF.000015025.1.Bacteria.Actinobacteriota	1110.6399999999999	0.0	555.3199999999999
los	898	GCA.001437855.1.Bacteria.Actinobacteriota	1087.464	0.0	543.732
hgt	1018	GCF.900107485.1.Bacteria.Firmicutes.A	1387.7150000000001	0.0	693.8575000000001
los	990	GCA.002418765.1.Bacteria.Firmicutes.B	1333.3400000000001	0.0	666.6700000000001
hgt	990	GCA.002418765.1.Bacteria.Firmicutes.B	1333.3400000000001	0.0	666.6700000000001
spe	998	998	1336.995	1336.995	1336.995
los	1034	GCA.001512665.1.Bacteria.Firmicutes.B	1384.555	0.0	692.2775
spe	1297	1297	1688.26	1688.26	1688.26
spe	1350	1350	1785.675	1785.675	1785.675
hgt	884	GCF.900106035.1.Bacteria.Actinobacteriota	987.5229999999999	0.0	493.76149999999996
hgt	884	GCF.001942305.1.Bacteria.Actinobacteriota	987.5229999999999	0.0	493.76149999999996
los	998	897	1336.995	1096.0955	1216.54525
spe	1047	1047	1373.121	1373.121	1373.121
los	1297	1132	1688.26	1481.1	1584.6799999999998
los	1350	GCF.001049895.1.Bacteria.Firmicutes	1785.675	0.0	892.8375
hgt	1350	GCF.001049895.1.Bacteria.Firmicutes	1785.675	0.0	892.8375
spe	1317	1317	1743.2350000000001	1743.2350000000001	1743.2350000000001
hgt	897	GCA.001508005.1.Bacteria.Firmicutes.B	1096.0955	0.0	548.04775
hgt	969	GCF.002607855.1.Bacteria.Firmicutes.B	1284.875	0.0	642.4375
spe	1095	1095	1426.77	1426.77	1426.77
los	1317	1232	1743.2350000000001	1618.42	1680.8275
hgt	882	GCF.002224645.1.Bacteria.Firmicutes.B	955.8	0.0	477.9
