event	left node	right node	left date	right date	midpoint date
dup	1730	UNSAMPLED	?	0.0	?
los	1730	UNSAMPLED	?	0.0	?
los	1730	UNSAMPLED	?	0.0	?
los	1730	UNSAMPLED	?	0.0	?
los	1730	UNSAMPLED	?	0.0	?
los	1730	UNSAMPLED	?	0.0	?
los	1730	UNSAMPLED	?	0.0	?
los	1730	UNSAMPLED	?	0.0	?
los	1730	UNSAMPLED	?	0.0	?
los	1730	UNSAMPLED	?	0.0	?
los	1730	UNSAMPLED	?	0.0	?
hgt	1730	UNSAMPLED	?	0.0	?
hgt	1730	UNSAMPLED	?	0.0	?
hgt	1730	UNSAMPLED	?	0.0	?
hgt	1730	UNSAMPLED	?	0.0	?
hgt	1730	UNSAMPLED	?	0.0	?
hgt	1730	UNSAMPLED	?	0.0	?
hgt	1730	UNSAMPLED	?	0.0	?
hgt	1730	UNSAMPLED	?	0.0	?
hgt	1730	UNSAMPLED	?	0.0	?
hgt	1730	UNSAMPLED	?	0.0	?
spe	1411	1411	1931.1000000000001	1931.1000000000001	1931.1000000000001
hgt	1689	1411	2976.645	1931.1000000000001	2453.8725
hgt	1624	GCA.002898935.1.Bacteria.CSP1.3	2537.965	0.0	1268.9825
spe	1651	1651	2692.5550000000003	2692.5550000000003	2692.5550000000003
spe	1615	1615	2397.09	2397.09	2397.09
spe	1639	1639	2619.0699999999997	2619.0699999999997	2619.0699999999997
spe	1420	1420	1902.285	1902.285	1902.285
hgt	1615	1420	2397.09	1902.285	2149.6875
spe	1458	1458	2011.28	2011.28	2011.28
spe	1618	1618	2495.045	2495.045	2495.045
spe	1375	1375	1801.635	1801.635	1801.635
hgt	1597	1375	2420.455	1801.635	2111.045
spe	1454	1454	1996.5549999999998	1996.5549999999998	1996.5549999999998
hgt	1594	1454	2416.915	1996.5549999999998	2206.7349999999997
los	1420	1007	1902.285	1418.775	1660.5300000000002
spe	1153	1153	1546.995	1546.995	1546.995
spe	1393	1393	1872.885	1872.885	1872.885
spe	1551	1551	2255.985	2255.985	2255.985
los	1618	1607	2495.045	2426.135	2460.59
spe	1349	1349	1803.385	1803.385	1803.385
spe	1396	1396	1862.6550000000002	1862.6550000000002	1862.6550000000002
spe	1616	1616	2476.9449999999997	2476.9449999999997	2476.9449999999997
hgt	1654	1616	2695.51	2476.9449999999997	2586.2275
los	1153	GCA.002375925.1.Bacteria.Firmicutes.E	1546.995	0.0	773.4975
hgt	1153	GCA.002375925.1.Bacteria.Firmicutes.E	1546.995	0.0	773.4975
los	1393	1288	1872.885	1712.115	1792.5
spe	1251	1251	1667.9650000000001	1667.9650000000001	1667.9650000000001
spe	1337	1337	1697.815	1697.815	1697.815
spe	1494	1494	2085.065	2085.065	2085.065
los	1349	1270	1803.385	1679.7150000000001	1741.5500000000002
spe	1270	1270	1679.7150000000001	1679.7150000000001	1679.7150000000001
hgt	1349	1270	1803.385	1679.7150000000001	1741.5500000000002
spe	1180	1180	1577.9099999999999	1577.9099999999999	1577.9099999999999
spe	1225	1225	1589.8200000000002	1589.8200000000002	1589.8200000000002
spe	1056	1056	1430.125	1430.125	1430.125
spe	1495	1495	2054.565	2054.565	2054.565
spe	1499	1499	2083.63	2083.63	2083.63
hgt	996	GCF.000204255.1.Bacteria.Chlamydiota	1386.53	0.0	693.265
hgt	1102	GCA.002877955.1.Bacteria.Caldisericota	1488.73	0.0	744.365
hgt	1124	GCA.003542955.1.Bacteria.Armatimonadota	1516.115	0.0	758.0575
spe	1084	1084	1465.43	1465.43	1465.43
hgt	1337	GCA.002376045.1.Bacteria.Firmicutes.A	1697.815	0.0	848.9075
spe	1429	1429	1953.0900000000001	1953.0900000000001	1953.0900000000001
spe	1105	1105	1492.005	1492.005	1492.005
spe	1025	1025	1386.06	1386.06	1386.06
los	1056	GCA.002423325.1.Bacteria.Chloroflexota	1430.125	0.0	715.0625
hgt	970	GCA.003243965.1.Bacteria.Chloroflexota	1294.4735	0.0	647.23675
los	1499	1342	2083.63	1801.09	1942.3600000000001
spe	1306	1306	1745.54	1745.54	1745.54
hgt	1123	GCA.003242675.1.Bacteria.Firmicutes.E	1509.365	0.0	754.6825
spe	924	924	1196.4	1196.4	1196.4
spe	1192	1192	1576.985	1576.985	1576.985
spe	1310	1310	1755.96	1755.96	1755.96
los	1105	978	1492.005	1317.205	1404.605
spe	978	978	1317.205	1317.205	1317.205
hgt	1105	978	1492.005	1317.205	1404.605
los	1306	GCA.002780235.1.Bacteria.Patescibacteria	1745.54	0.0	872.77
los	924	GCA.002291985.1.Bacteria.Firmicutes.E	1196.4	0.0	598.2
los	1192	1032	1576.985	1401.9	1489.4425
spe	1032	1032	1401.9	1401.9	1401.9
hgt	1192	1032	1576.985	1401.9	1489.4425
spe	1269	1269	1686.58	1686.58	1686.58
spe	1193	1193	1598.315	1598.315	1598.315
spe	905	905	1158.2640000000001	1158.2640000000001	1158.2640000000001
los	1269	1152	1686.58	1548.8899999999999	1617.735
spe	1152	1152	1548.8899999999999	1548.8899999999999	1548.8899999999999
hgt	1269	1152	1686.58	1548.8899999999999	1617.735
spe	1078	1078	1451.145	1451.145	1451.145
spe	1011	1011	1360.255	1360.255	1360.255
los	1193	1076	1598.315	1451.62	1524.9675
spe	1292	1292	1708.06	1708.06	1708.06
hgt	1338	1292	1779.53	1708.06	1743.795
spe	1423	1423	1907.4450000000002	1907.4450000000002	1907.4450000000002
hgt	1449	1423	1971.49	1907.4450000000002	1939.4675000000002
spe	1018	1018	1387.7150000000001	1387.7150000000001	1387.7150000000001
los	1078	GCA.003527145.1.Bacteria.Firmicutes.A	1451.145	0.0	725.5725
spe	957	957	1285.645	1285.645	1285.645
los	1011	GCA.900317035.1.Bacteria.Firmicutes.A	1360.255	0.0	680.1275
spe	900	900	1096.349	1096.349	1096.349
hgt	1076	GCF.002252565.1.Bacteria.Firmicutes.A	1451.62	0.0	725.81
spe	1216	1216	1607.725	1607.725	1607.725
spe	1034	1034	1384.555	1384.555	1384.555
hgt	1003	GCF.000092905.1.Bacteria.Firmicutes	1365.895	0.0	682.9475
spe	1209	1209	1520.8899999999999	1520.8899999999999	1520.8899999999999
spe	1388	1388	1843.3449999999998	1843.3449999999998	1843.3449999999998
los	1018	922	1387.7150000000001	1206.9915	1297.3532500000001
los	957	GCA.002297185.1.Bacteria.Firmicutes.A	1285.645	0.0	642.8225
los	900	GCA.002308775.1.Bacteria.Firmicutes.A	1096.349	0.0	548.1745
spe	1140	1140	1519.645	1519.645	1519.645
spe	1297	1297	1688.26	1688.26	1688.26
spe	1297	1297	1688.26	1688.26	1688.26
hgt	1388	1297	1843.3449999999998	1688.26	1765.8024999999998
spe	1350	1350	1785.675	1785.675	1785.675
spe	969	969	1284.875	1284.875	1284.875
spe	921	921	1148.381	1148.381	1148.381
los	1297	1047	1688.26	1373.121	1530.6905000000002
spe	1047	1047	1373.121	1373.121	1373.121
spe	1132	1132	1481.1	1481.1	1481.1
spe	1132	1132	1481.1	1481.1	1481.1
spe	1317	1317	1743.2350000000001	1743.2350000000001	1743.2350000000001
los	969	GCF.002607855.1.Bacteria.Firmicutes.B	1284.875	0.0	642.4375
spe	882	882	955.8	955.8	955.8
los	1132	GCF.001742305.1.Bacteria.Firmicutes	1481.1	0.0	740.55
los	1132	GCF.000942395.1.Bacteria.Firmicutes	1481.1	0.0	740.55
spe	1095	1095	1426.77	1426.77	1426.77
los	1317	1232	1743.2350000000001	1618.42	1680.8275
spe	1232	1232	1618.42	1618.42	1618.42
hgt	1317	1232	1743.2350000000001	1618.42	1680.8275
los	882	GCA.002482535.1.Bacteria.Firmicutes.B	955.8	0.0	477.9
spe	1171	1171	1551.145	1551.145	1551.145
spe	1110	1110	1475.0	1475.0	1475.0
los	1110	959	1475.0	1258.375	1366.6875
spe	1024	1024	1363.0	1363.0	1363.0
spe	962	962	1253.275	1253.275	1253.275
spe	912	912	1146.836	1146.836	1146.836
los	962	889	1253.275	1056.6725000000001	1154.97375
los	912	880	1146.836	994.9984999999999	1070.91725
