event	left node	right node	left date	right date	midpoint date
dup	1730	UNSAMPLED	?	0.0	?
los	1730	UNSAMPLED	?	0.0	?
los	1730	UNSAMPLED	?	0.0	?
los	1730	UNSAMPLED	?	0.0	?
los	1730	UNSAMPLED	?	0.0	?
los	1730	UNSAMPLED	?	0.0	?
hgt	1730	UNSAMPLED	?	0.0	?
hgt	1730	UNSAMPLED	?	0.0	?
hgt	1730	UNSAMPLED	?	0.0	?
hgt	1730	UNSAMPLED	?	0.0	?
spe	1717	1717	3369.21	3369.21	3369.21
spe	1411	1411	1931.1000000000001	1931.1000000000001	1931.1000000000001
hgt	1689	1411	2976.645	1931.1000000000001	2453.8725
spe	1625	1625	2538.56	2538.56	2538.56
hgt	1660	1625	2723.8500000000004	2538.56	2631.205
spe	1696	1696	3016.145	3016.145	3016.145
spe	1698	1698	3050.45	3050.45	3050.45
spe	1549	1549	2247.565	2247.565	2247.565
spe	1464	1464	2064.13	2064.13	2064.13
hgt	1674	1464	2803.98	2064.13	2434.0550000000003
los	1696	1656	3016.145	2606.885	2811.5150000000003
spe	1658	1658	2708.915	2708.915	2708.915
los	1698	1485	3050.45	2102.73	2576.59
spe	1684	1684	2916.245	2916.245	2916.245
spe	1027	1027	1440.925	1440.925	1440.925
spe	1335	1335	1800.3999999999999	1800.3999999999999	1800.3999999999999
spe	1390	1390	1896.8449999999998	1896.8449999999998	1896.8449999999998
spe	1531	1531	2212.19	2212.19	2212.19
hgt	1658	1531	2708.915	2212.19	2460.5525
spe	1325	1325	1788.135	1788.135	1788.135
spe	1558	1558	2112.65	2112.65	2112.65
dup	1684	1620	2916.245	2510.455	2713.35
spe	1620	1620	2510.455	2510.455	2510.455
spe	1620	1620	2510.455	2510.455	2510.455
hgt	1407	GCA.003485015.1.Bacteria.UBA9089	1901.335	0.0	950.6675
spe	1092	1092	1478.5900000000001	1478.5900000000001	1478.5900000000001
spe	1190	1190	1617.44	1617.44	1617.44
spe	1262	1262	1695.79	1695.79	1695.79
los	1390	1170	1896.8449999999998	1584.4	1740.6225
spe	1229	1229	1648.3449999999998	1648.3449999999998	1648.3449999999998
hgt	1531	1229	2212.19	1648.3449999999998	1930.2675
spe	1333	1333	1776.02	1776.02	1776.02
spe	1584	1584	2371.88	2371.88	2371.88
spe	1584	1584	2371.88	2371.88	2371.88
hgt	1513	GCA.002878375.1.Bacteria.Dictyoglomota	2141.115	0.0	1070.5575
los	1092	GCA.002408345.1.Bacteria.Firmicutes.G	1478.5900000000001	0.0	739.2950000000001
hgt	1092	GCA.002408345.1.Bacteria.Firmicutes.G	1478.5900000000001	0.0	739.2950000000001
spe	1041	1041	1426.32	1426.32	1426.32
hgt	1262	GCA.002426645.1.Bacteria.Firmicutes.G	1695.79	0.0	847.895
los	1262	971	1695.79	1335.97	1515.88
los	1584	GCF.000013205.1.Bacteria.Cyanobacteria	2371.88	0.0	1185.94
spe	1542	1542	2232.24	2232.24	2232.24
spe	1542	1542	2232.24	2232.24	2232.24
hgt	1444	GCA.001871015.1.Bacteria.Desantisbacteria	1971.4	0.0	985.7
spe	940	940	1264.8925	1264.8925	1264.8925
hgt	1052	GCA.900016865.1.Bacteria.Firmicutes.G	1446.125	0.0	723.0625
spe	1503	1503	2105.2200000000003	2105.2200000000003	2105.2200000000003
spe	1503	1503	2105.2200000000003	2105.2200000000003	2105.2200000000003
los	1542	1492	2232.24	2064.395	2148.3175
spe	1492	1492	2064.395	2064.395	2064.395
spe	1438	1438	1975.9250000000002	1975.9250000000002	1975.9250000000002
hgt	1517	1438	2149.595	1975.9250000000002	2062.76
los	940	GCA.002396805.1.Bacteria.Firmicutes.G	1264.8925	0.0	632.44625
spe	1362	1362	1717.6950000000002	1717.6950000000002	1717.6950000000002
spe	1362	1362	1717.6950000000002	1717.6950000000002	1717.6950000000002
spe	1460	1460	2001.3500000000001	2001.3500000000001	2001.3500000000001
spe	1460	1460	2001.3500000000001	2001.3500000000001	2001.3500000000001
hgt	1492	GCF.001870225.1.Bacteria.Cyanobacteria	2064.395	0.0	1032.1975
hgt	1492	GCF.001870225.1.Bacteria.Cyanobacteria	2064.395	0.0	1032.1975
los	1492	1359	2064.395	1811.9850000000001	1938.19
spe	943	943	1269.475	1269.475	1269.475
hgt	1020	943	1389.275	1269.475	1329.375
spe	1244	1244	1658.67	1658.67	1658.67
los	1362	GCF.000015965.1.Bacteria.Cyanobacteria	1717.6950000000002	0.0	858.8475000000001
hgt	1362	GCF.000015965.1.Bacteria.Cyanobacteria	1717.6950000000002	0.0	858.8475000000001
spe	1184	1184	1509.135	1509.135	1509.135
spe	1184	1184	1509.135	1509.135	1509.135
spe	1426	1426	1938.175	1938.175	1938.175
spe	1426	1426	1938.175	1938.175	1938.175
spe	888	888	1084.09	1084.09	1084.09
los	1184	GCF.000473895.1.Bacteria.Cyanobacteria	1509.135	0.0	754.5675
spe	868	868	796.3525	796.3525	796.3525
spe	868	868	796.3525	796.3525	796.3525
los	1426	1401	1938.175	1887.2350000000001	1912.705
spe	1401	1401	1887.2350000000001	1887.2350000000001	1887.2350000000001
los	888	GCA.002049455.2.Eukaryota.Rhodophyta	1084.09	0.0	542.045
spe	867	867	163.12655	163.12655	163.12655
spe	867	867	163.12655	163.12655	163.12655
hgt	868	GCF.000017845.1.Bacteria.Cyanobacteria	796.3525	0.0	398.17625
spe	1291	1291	1635.52	1635.52	1635.52
spe	1364	1364	1825.65	1825.65	1825.65
spe	1135	1135	1444.79	1444.79	1444.79
spe	1147	1147	1436.775	1436.775	1436.775
spe	1326	1326	1773.275	1773.275	1773.275
hgt	1135	GCF.000316115.1.Bacteria.Cyanobacteria	1444.79	0.0	722.395
los	1135	GCA.001698445.1.Bacteria.Cyanobacteria	1444.79	0.0	722.395
hgt	1135	GCA.001698445.1.Bacteria.Cyanobacteria	1444.79	0.0	722.395
spe	1224	1224	1634.795	1634.795	1634.795
los	1224	866	1634.795	34.435	834.615
spe	910	910	920.2075	920.2075	920.2075
spe	871	871	795.3699999999999	795.3699999999999	795.3699999999999
hgt	910	Fischerella.muscicola.CCMEE5323	920.2075	0.0	460.10375
