event	left node	right node	left date	right date	midpoint date
los	1730	UNSAMPLED	?	0.0	?
hgt	1730	UNSAMPLED	?	0.0	?
spe	1436	1436	1954.11	1954.11	1954.11
spe	1344	1344	1751.05	1751.05	1751.05
spe	1409	1409	1885.97	1885.97	1885.97
los	1344	GCA.002722885.1.Bacteria.Proteobacteria	1751.05	0.0	875.525
spe	1168	1168	1536.91	1536.91	1536.91
spe	1377	1377	1836.685	1836.685	1836.685
spe	1336	1336	1775.885	1775.885	1775.885
hgt	1168	GCA.006969625.1.Bacteria.Proteobacteria	1536.91	0.0	768.455
spe	1000	1000	1353.935	1353.935	1353.935
los	1377	1255	1836.685	1643.315	1740.0
spe	1314	1314	1750.105	1750.105	1750.105
spe	1064	1064	1397.7350000000001	1397.7350000000001	1397.7350000000001
spe	1282	1282	1694.565	1694.565	1694.565
hgt	1186	GCA.001735895.1.Bacteria.Proteobacteria	1588.765	0.0	794.3825
dup	1000	GCA.002898275.1.Bacteria.Proteobacteria	1353.935	0.0	676.9675
los	1000	GCA.002238885.1.Bacteria.Proteobacteria	1353.935	0.0	676.9675
spe	1237	1237	1624.365	1624.365	1624.365
spe	1268	1268	1674.98	1674.98	1674.98
hgt	1064	GCF.000264455.2.Bacteria.Proteobacteria	1397.7350000000001	0.0	698.8675000000001
los	1064	GCA.002721365.1.Bacteria.Proteobacteria	1397.7350000000001	0.0	698.8675000000001
los	1282	980	1694.565	1316.1950000000002	1505.38
spe	1228	1228	1636.7800000000002	1636.7800000000002	1636.7800000000002
hgt	1088	GCF.001613805.1.Bacteria.Proteobacteria	1422.265	0.0	711.1325
spe	1113	1113	1476.57	1476.57	1476.57
spe	1155	1155	1543.27	1543.27	1543.27
los	1268	1167	1674.98	1549.46	1612.22
spe	986	986	1312.7	1312.7	1312.7
los	1228	1145	1636.7800000000002	1544.73	1590.755
los	1113	GCF.002148795.1.Bacteria.Proteobacteria	1476.57	0.0	738.285
spe	954	954	1226.72	1226.72	1226.72
spe	1040	1040	1394.155	1394.155	1394.155
los	1155	1012	1543.27	1359.195	1451.2325
los	986	GCF.900172325.1.Bacteria.Proteobacteria	1312.7	0.0	656.35
spe	904	904	1094.241	1094.241	1094.241
dup	1040	GCF.002251795.1.Bacteria.Proteobacteria	1394.155	0.0	697.0775
dup	1040	GCF.002251795.1.Bacteria.Proteobacteria	1394.155	0.0	697.0775
dup	1040	GCF.002251795.1.Bacteria.Proteobacteria	1394.155	0.0	697.0775
los	1040	914	1394.155	1117.2015	1255.67825
hgt	948	GCF.003173035.1.Bacteria.Proteobacteria	1237.1634999999999	0.0	618.5817499999999
los	904	GCA.002709155.1.Bacteria.Proteobacteria	1094.241	0.0	547.1205
spe	881	881	948.5585	948.5585	948.5585
hgt	914	GCF.006980715.1.Bacteria.Proteobacteria	1117.2015	0.0	558.60075
dup	881	GCA.003280605.1.Bacteria.Proteobacteria	948.5585	0.0	474.27925
hgt	877	GCF.000284615.1.Bacteria.Proteobacteria	936.1675	0.0	468.08375
