event	left node	right node	left date	right date	midpoint date
los	1730	UNSAMPLED	?	0.0	?
los	1730	UNSAMPLED	?	0.0	?
los	1730	UNSAMPLED	?	0.0	?
los	1730	UNSAMPLED	?	0.0	?
los	1730	UNSAMPLED	?	0.0	?
hgt	1730	UNSAMPLED	?	0.0	?
hgt	1730	UNSAMPLED	?	0.0	?
hgt	1730	UNSAMPLED	?	0.0	?
hgt	1730	UNSAMPLED	?	0.0	?
hgt	1730	UNSAMPLED	?	0.0	?
hgt	1730	UNSAMPLED	?	0.0	?
hgt	1578	GCA.003174035.1.Bacteria.Dependentiae	2340.6349999999998	0.0	1170.3174999999999
spe	1657	1657	2723.605	2723.605	2723.605
spe	1597	1597	2420.455	2420.455	2420.455
spe	1594	1594	2416.915	2416.915	2416.915
hgt	1615	GCA.001513125.1.Bacteria.DTU030	2397.09	0.0	1198.545
spe	1536	1536	2216.5299999999997	2216.5299999999997	2216.5299999999997
los	1597	1375	2420.455	1801.635	2111.045
spe	1454	1454	1996.5549999999998	1996.5549999999998	1996.5549999999998
spe	1546	1546	2249.485	2249.485	2249.485
hgt	1420	GCF.000020005.1.Bacteria.Firmicutes.D	1902.285	0.0	951.1425
spe	1446	1446	1968.2	1968.2	1968.2
spe	1455	1455	1994.0249999999999	1994.0249999999999	1994.0249999999999
spe	1349	1349	1803.385	1803.385	1803.385
spe	1396	1396	1862.6550000000002	1862.6550000000002	1862.6550000000002
spe	1452	1452	1987.5749999999998	1987.5749999999998	1987.5749999999998
los	1546	1500	2249.485	2094.15	2171.8175
spe	1208	1208	1604.38	1604.38	1604.38
spe	1308	1308	1749.925	1749.925	1749.925
spe	1330	1330	1783.375	1783.375	1783.375
spe	1270	1270	1679.7150000000001	1679.7150000000001	1679.7150000000001
los	1349	1180	1803.385	1577.9099999999999	1690.6475
spe	1225	1225	1589.8200000000002	1589.8200000000002	1589.8200000000002
spe	1056	1056	1430.125	1430.125	1430.125
los	1452	1164	1987.5749999999998	1538.99	1763.2824999999998
spe	1395	1395	1858.705	1858.705	1858.705
hgt	1194	GCA.002347365.1.Bacteria.Actinobacteriota	1581.31	0.0	790.655
hgt	1337	GCA.002376045.1.Bacteria.Firmicutes.A	1697.815	0.0	848.9075
spe	1429	1429	1953.0900000000001	1953.0900000000001	1953.0900000000001
hgt	1494	1429	2085.065	1953.0900000000001	2019.0775
los	1208	GCA.002450835.1.Bacteria.Chloroflexota	1604.38	0.0	802.19
spe	1260	1260	1662.42	1662.42	1662.42
spe	1058	1058	1413.835	1413.835	1413.835
spe	1235	1235	1648.125	1648.125	1648.125
los	1270	GCF.001306175.1.Bacteria.Chloroflexota	1679.7150000000001	0.0	839.8575000000001
spe	1105	1105	1492.005	1492.005	1492.005
los	1225	GCA.002400365.1.Bacteria.Chloroflexota	1589.8200000000002	0.0	794.9100000000001
los	1056	GCA.002348045.1.Bacteria.Chloroflexota	1430.125	0.0	715.0625
los	1395	1129	1858.705	1519.02	1688.8625
spe	1192	1192	1576.985	1576.985	1576.985
spe	1310	1310	1755.96	1755.96	1755.96
hgt	1456	GCA.002345475.1.Bacteria.Firmicutes.H	1989.36	0.0	994.68
hgt	1213	GCA.002385745.1.Bacteria.Firmicutes.D	1602.185	0.0	801.0925
los	1260	1125	1662.42	1501.935	1582.1775
spe	1159	1159	1546.495	1546.495	1546.495
los	1058	GCA.002717805.1.Bacteria.Chloroflexota	1413.835	0.0	706.9175
los	1235	1122	1648.125	1519.76	1583.9425
los	1105	GCF.900187885.1.Bacteria.Chloroflexota	1492.005	0.0	746.0025
spe	978	978	1317.205	1317.205	1317.205
hgt	1021	GCA.002385465.1.Bacteria.Firmicutes.E	1388.78	0.0	694.39
spe	1032	1032	1401.9	1401.9	1401.9
spe	1269	1269	1686.58	1686.58	1686.58
los	1310	1193	1755.96	1598.315	1677.1375
hgt	1125	GCA.003228115.1.Bacteria.Chloroflexota	1501.935	0.0	750.9675
spe	1046	1046	1411.15	1411.15	1411.15
spe	905	905	1158.2640000000001	1158.2640000000001	1158.2640000000001
los	1032	GCA.002399285.1.Bacteria.Firmicutes.A	1401.9	0.0	700.95
spe	1152	1152	1548.8899999999999	1548.8899999999999	1548.8899999999999
spe	1078	1078	1451.145	1451.145	1451.145
los	1046	GCA.002710215.1.Bacteria.Chloroflexota	1411.15	0.0	705.575
hgt	1090	GCA.002347295.1.Bacteria.Chloroflexota	1474.2800000000002	0.0	737.1400000000001
spe	1018	1018	1387.7150000000001	1387.7150000000001	1387.7150000000001
los	1078	957	1451.145	1285.645	1368.395
los	1018	922	1387.7150000000001	1206.9915	1297.3532500000001
hgt	957	GCF.900104115.1.Bacteria.Firmicutes.A	1285.645	0.0	642.8225
spe	1110	1110	1475.0	1475.0	1475.0
hgt	1171	1110	1551.145	1475.0	1513.0725
spe	959	959	1258.375	1258.375	1258.375
spe	1024	1024	1363.0	1363.0	1363.0
los	959	GCF.002902625.1.Bacteria.Firmicutes	1258.375	0.0	629.1875
hgt	959	GCF.002902625.1.Bacteria.Firmicutes	1258.375	0.0	629.1875
los	1024	962	1363.0	1253.275	1308.1375
hgt	874	GCF.000702165.1.Bacteria.Firmicutes	915.9280000000001	0.0	457.96400000000006
