event	left node	right node	left date	right date	midpoint date
los	1730	UNSAMPLED	?	0.0	?
los	1730	UNSAMPLED	?	0.0	?
los	1730	UNSAMPLED	?	0.0	?
los	1730	UNSAMPLED	?	0.0	?
los	1730	UNSAMPLED	?	0.0	?
los	1730	UNSAMPLED	?	0.0	?
los	1730	UNSAMPLED	?	0.0	?
los	1730	UNSAMPLED	?	0.0	?
hgt	1730	UNSAMPLED	?	0.0	?
hgt	1730	UNSAMPLED	?	0.0	?
hgt	1730	UNSAMPLED	?	0.0	?
hgt	1730	UNSAMPLED	?	0.0	?
hgt	1730	UNSAMPLED	?	0.0	?
hgt	1730	UNSAMPLED	?	0.0	?
hgt	1730	UNSAMPLED	?	0.0	?
hgt	1730	UNSAMPLED	?	0.0	?
hgt	1730	UNSAMPLED	?	0.0	?
spe	1411	1411	1931.1000000000001	1931.1000000000001	1931.1000000000001
hgt	1689	1411	2976.645	1931.1000000000001	2453.8725
spe	1464	1464	2064.13	2064.13	2064.13
hgt	1674	1464	2803.98	2064.13	2434.0550000000003
spe	1651	1651	2692.5550000000003	2692.5550000000003	2692.5550000000003
hgt	1627	GCA.000353875.1.Bacteria.Atribacterota	2540.54	0.0	1270.27
spe	1335	1335	1800.3999999999999	1800.3999999999999	1800.3999999999999
spe	1390	1390	1896.8449999999998	1896.8449999999998	1896.8449999999998
hgt	1464	1390	2064.13	1896.8449999999998	1980.4875
spe	1615	1615	2397.09	2397.09	2397.09
spe	1639	1639	2619.0699999999997	2619.0699999999997	2619.0699999999997
los	1335	1092	1800.3999999999999	1478.5900000000001	1639.495
spe	1190	1190	1617.44	1617.44	1617.44
spe	1262	1262	1695.79	1695.79	1695.79
spe	1170	1170	1584.4	1584.4	1584.4
spe	1420	1420	1902.285	1902.285	1902.285
hgt	1615	1420	2397.09	1902.285	2149.6875
spe	1458	1458	2011.28	2011.28	2011.28
spe	1618	1618	2495.045	2495.045	2495.045
hgt	1092	GCA.002399235.1.Bacteria.Firmicutes.G	1478.5900000000001	0.0	739.2950000000001
spe	1041	1041	1426.32	1426.32	1426.32
spe	971	971	1335.97	1335.97	1335.97
hgt	1262	971	1695.79	1335.97	1515.88
spe	1052	1052	1446.125	1446.125	1446.125
spe	1007	1007	1418.775	1418.775	1418.775
spe	1153	1153	1546.995	1546.995	1546.995
spe	1393	1393	1872.885	1872.885	1872.885
spe	1551	1551	2255.985	2255.985	2255.985
spe	1607	1607	2426.135	2426.135	2426.135
los	1041	940	1426.32	1264.8925	1345.6062499999998
los	1153	GCA.002375895.1.Bacteria.Firmicutes.E	1546.995	0.0	773.4975
spe	1288	1288	1712.115	1712.115	1712.115
spe	1288	1288	1712.115	1712.115	1712.115
hgt	1393	1288	1872.885	1712.115	1792.5
spe	1251	1251	1667.9650000000001	1667.9650000000001	1667.9650000000001
spe	1337	1337	1697.815	1697.815	1697.815
spe	1494	1494	2085.065	2085.065	2085.065
los	1607	1554	2426.135	2263.0	2344.5675
spe	1554	1554	2263.0	2263.0	2263.0
hgt	1607	1554	2426.135	2263.0	2344.5675
spe	1568	1568	2312.8050000000003	2312.8050000000003	2312.8050000000003
hgt	940	GCA.002396805.1.Bacteria.Firmicutes.G	1264.8925	0.0	632.44625
hgt	940	GCA.001513495.1.Bacteria.Firmicutes.G	1264.8925	0.0	632.44625
los	1288	GCA.003023725.1.Bacteria.Firmicutes.E	1712.115	0.0	856.0575
spe	1123	1123	1509.365	1509.365	1509.365
spe	1123	1123	1509.365	1509.365	1509.365
los	1251	1084	1667.9650000000001	1465.43	1566.6975000000002
spe	1429	1429	1953.0900000000001	1953.0900000000001	1953.0900000000001
spe	1456	1456	1989.36	1989.36	1989.36
spe	1477	1477	2039.0500000000002	2039.0500000000002	2039.0500000000002
los	1568	1213	2312.8050000000003	1602.185	1957.4950000000001
spe	1550	1550	2240.33	2240.33	2240.33
los	1123	GCA.003242675.1.Bacteria.Firmicutes.E	1509.365	0.0	754.6825
los	1123	1021	1509.365	1388.78	1449.0725
spe	1021	1021	1388.78	1388.78	1388.78
hgt	1084	GCA.003599345.1.Bacteria.Firmicutes.E	1465.43	0.0	732.715
spe	1192	1192	1576.985	1576.985	1576.985
spe	1310	1310	1755.96	1755.96	1755.96
los	1456	1233	1989.36	1620.075	1804.7175
spe	1233	1233	1620.075	1620.075	1620.075
hgt	1456	1233	1989.36	1620.075	1804.7175
spe	1149	1149	1516.6599999999999	1516.6599999999999	1516.6599999999999
hgt	1477	1149	2039.0500000000002	1516.6599999999999	1777.855
spe	1397	1397	1862.4850000000001	1862.4850000000001	1862.4850000000001
hgt	1213	GCA.003444595.1.Bacteria.Firmicutes.D	1602.185	0.0	801.0925
hgt	1213	GCA.002385745.1.Bacteria.Firmicutes.D	1602.185	0.0	801.0925
spe	1318	1318	1678.19	1678.19	1678.19
spe	1483	1483	2049.0099999999998	2049.0099999999998	2049.0099999999998
los	1021	GCA.003242195.1.Bacteria.Firmicutes.E	1388.78	0.0	694.39
hgt	1021	GCA.003242195.1.Bacteria.Firmicutes.E	1388.78	0.0	694.39
los	1192	1032	1576.985	1401.9	1489.4425
spe	1032	1032	1401.9	1401.9	1401.9
hgt	1192	1032	1576.985	1401.9	1489.4425
spe	1269	1269	1686.58	1686.58	1686.58
spe	1193	1193	1598.315	1598.315	1598.315
spe	1075	1075	1424.27	1424.27	1424.27
los	1149	GCF.001950325.1.Bacteria.Firmicutes.B	1516.6599999999999	0.0	758.3299999999999
hgt	1149	GCF.001950325.1.Bacteria.Firmicutes.B	1516.6599999999999	0.0	758.3299999999999
los	1397	1207	1862.4850000000001	1576.575	1719.5300000000002
spe	1207	1207	1576.575	1576.575	1576.575
hgt	1397	1207	1862.4850000000001	1576.575	1719.5300000000002
spe	1338	1338	1779.53	1779.53	1779.53
los	1318	GCF.900111575.1.Bacteria.Firmicutes.D	1678.19	0.0	839.095
hgt	1318	GCF.900111575.1.Bacteria.Firmicutes.D	1678.19	0.0	839.095
spe	1163	1163	1549.5949999999998	1549.5949999999998	1549.5949999999998
spe	1449	1449	1971.49	1971.49	1971.49
spe	1152	1152	1548.8899999999999	1548.8899999999999	1548.8899999999999
spe	1078	1078	1451.145	1451.145	1451.145
spe	1011	1011	1360.255	1360.255	1360.255
spe	1076	1076	1451.62	1451.62	1451.62
spe	1008	1008	1338.6	1338.6	1338.6
los	1075	GCA.002329525.1.Bacteria.Firmicutes.C	1424.27	0.0	712.135
hgt	1075	GCA.002329525.1.Bacteria.Firmicutes.C	1424.27	0.0	712.135
spe	1082	1082	1436.52	1436.52	1436.52
spe	1212	1212	1606.5500000000002	1606.5500000000002	1606.5500000000002
spe	1292	1292	1708.06	1708.06	1708.06
spe	1003	1003	1365.895	1365.895	1365.895
los	1449	1172	1971.49	1523.81	1747.65
spe	1423	1423	1907.4450000000002	1907.4450000000002	1907.4450000000002
los	1152	GCF.900142265.1.Bacteria.Firmicutes.A	1548.8899999999999	0.0	774.4449999999999
spe	1018	1018	1387.7150000000001	1387.7150000000001	1387.7150000000001
los	1078	957	1451.145	1285.645	1368.395
los	1011	900	1360.255	1096.349	1228.3020000000001
spe	944	944	1275.4850000000001	1275.4850000000001	1275.4850000000001
spe	918	918	1109.4215	1109.4215	1109.4215
spe	893	893	1065.8455000000001	1065.8455000000001	1065.8455000000001
los	1082	GCA.001513545.1.Bacteria.Firmicutes.B	1436.52	0.0	718.26
spe	990	990	1333.3400000000001	1333.3400000000001	1333.3400000000001
spe	1086	1086	1451.1	1451.1	1451.1
hgt	1212	1086	1606.5500000000002	1451.1	1528.825
spe	1216	1216	1607.725	1607.725	1607.725
spe	1034	1034	1384.555	1384.555	1384.555
hgt	1172	GCF.001653195.1.Bacteria.Firmicutes	1523.81	0.0	761.905
hgt	1172	GCF.001311905.1.Bacteria.Firmicutes	1523.81	0.0	761.905
los	1423	1209	1907.4450000000002	1520.8899999999999	1714.1675
spe	1209	1209	1520.8899999999999	1520.8899999999999	1520.8899999999999
hgt	1423	1209	1907.4450000000002	1520.8899999999999	1714.1675
spe	1388	1388	1843.3449999999998	1843.3449999999998	1843.3449999999998
los	1018	922	1387.7150000000001	1206.9915	1297.3532500000001
los	944	GCA.002293295.1.Bacteria.Firmicutes.A	1275.4850000000001	0.0	637.7425000000001
spe	885	885	950.2895	950.2895	950.2895
spe	998	998	1336.995	1336.995	1336.995
los	1216	1140	1607.725	1519.645	1563.685
los	1034	GCA.001512665.1.Bacteria.Firmicutes.B	1384.555	0.0	692.2775
hgt	1034	GCA.001512665.1.Bacteria.Firmicutes.B	1384.555	0.0	692.2775
spe	1297	1297	1688.26	1688.26	1688.26
spe	1350	1350	1785.675	1785.675	1785.675
los	998	897	1336.995	1096.0955	1216.54525
spe	921	921	1148.381	1148.381	1148.381
hgt	1140	921	1519.645	1148.381	1334.013
spe	1047	1047	1373.121	1373.121	1373.121
spe	1132	1132	1481.1	1481.1	1481.1
spe	1317	1317	1743.2350000000001	1743.2350000000001	1743.2350000000001
hgt	897	GCA.002352935.1.Bacteria.Firmicutes.B	1096.0955	0.0	548.04775
hgt	969	GCF.002607855.1.Bacteria.Firmicutes.B	1284.875	0.0	642.4375
hgt	969	GCF.000019165.1.Bacteria.Firmicutes.B	1284.875	0.0	642.4375
spe	882	882	955.8	955.8	955.8
los	1132	GCF.001742305.1.Bacteria.Firmicutes	1481.1	0.0	740.55
hgt	1132	GCF.001742305.1.Bacteria.Firmicutes	1481.1	0.0	740.55
spe	1095	1095	1426.77	1426.77	1426.77
hgt	1317	1095	1743.2350000000001	1426.77	1585.0025
spe	1232	1232	1618.42	1618.42	1618.42
los	882	GCA.002482535.1.Bacteria.Firmicutes.B	955.8	0.0	477.9
hgt	882	GCA.002482535.1.Bacteria.Firmicutes.B	955.8	0.0	477.9
los	1232	GCF.001908175.1.Bacteria.Firmicutes	1618.42	0.0	809.21
hgt	1232	GCF.001908175.1.Bacteria.Firmicutes	1618.42	0.0	809.21
spe	1171	1171	1551.145	1551.145	1551.145
spe	1110	1110	1475.0	1475.0	1475.0
spe	959	959	1258.375	1258.375	1258.375
los	1110	1024	1475.0	1363.0	1419.0
