event	left node	right node	left date	right date	midpoint date
los	1730	UNSAMPLED	?	0.0	?
los	1730	UNSAMPLED	?	0.0	?
los	1730	UNSAMPLED	?	0.0	?
los	1730	UNSAMPLED	?	0.0	?
hgt	1730	UNSAMPLED	?	0.0	?
hgt	1730	UNSAMPLED	?	0.0	?
spe	1711	1711	3274.245	3274.245	3274.245
spe	1699	1699	3029.29	3029.29	3029.29
spe	1705	1705	3153.6549999999997	3153.6549999999997	3153.6549999999997
spe	1649	1649	2610.45	2610.45	2610.45
los	1699	1675	3029.29	2804.24	2916.765
los	1705	1609	3153.6549999999997	2402.345	2778.0
spe	1690	1690	2975.2349999999997	2975.2349999999997	2975.2349999999997
spe	1557	1557	2237.125	2237.125	2237.125
spe	1667	1667	2751.94	2751.94	2751.94
spe	1671	1671	2798.9	2798.9	2798.9
los	1557	GCA.001564035.1.Archaea.Nanohaloarchaeota	2237.125	0.0	1118.5625
spe	1548	1548	2176.73	2176.73	2176.73
spe	1661	1661	2705.465	2705.465	2705.465
spe	1640	1640	2626.73	2626.73	2626.73
spe	1645	1645	2653.5150000000003	2653.5150000000003	2653.5150000000003
spe	1418	1418	1886.455	1886.455	1886.455
los	1548	1322	2176.73	1770.9250000000002	1973.8275
spe	1493	1493	2027.525	2027.525	2027.525
los	1661	1631	2705.465	2558.825	2632.145
spe	1621	1621	2517.75	2517.75	2517.75
spe	1424	1424	1902.65	1902.65	1902.65
spe	1622	1622	2527.615	2527.615	2527.615
los	1418	GCA.001587715.1.Archaea.Methanobacteriota.B	1886.455	0.0	943.2275
hgt	1322	GCA.001515205.2.Archaea.Hadarchaeota	1770.9250000000002	0.0	885.4625000000001
los	1493	GCA.003230355.1.Archaea.Hydrothermarchaeota	2027.525	0.0	1013.7625
spe	1540	1540	2214.8	2214.8	2214.8
spe	1588	1588	2383.6549999999997	2383.6549999999997	2383.6549999999997
los	1424	GCA.001563325.1.Archaea.Asgardarchaeota	1902.65	0.0	951.325
los	1622	1606	2527.615	2445.1400000000003	2486.3775
spe	1358	1358	1798.4299999999998	1798.4299999999998	1798.4299999999998
los	1540	1398	2214.8	1863.195	2038.9975
hgt	1540	1398	2214.8	1863.195	2038.9975
spe	1509	1509	2123.145	2123.145	2123.145
spe	1524	1524	2168.41	2168.41	2168.41
spe	1176	1176	1577.935	1577.935	1577.935
hgt	1398	GCF.000148385.1.Archaea.Thermoproteota	1863.195	0.0	931.5975
spe	1127	1127	1515.1799999999998	1515.1799999999998	1515.1799999999998
hgt	1398	1127	1863.195	1515.1799999999998	1689.1875
los	1509	GCA.002495485.1.Archaea.Thermoproteota	2123.145	0.0	1061.5725
hgt	1509	GCA.002495485.1.Archaea.Thermoproteota	2123.145	0.0	1061.5725
spe	1461	1461	1998.805	1998.805	1998.805
spe	1474	1474	2026.55	2026.55	2026.55
spe	992	992	1356.82	1356.82	1356.82
spe	1274	1274	1643.05	1643.05	1643.05
spe	1385	1385	1853.335	1853.335	1853.335
spe	1361	1361	1807.5249999999999	1807.5249999999999	1807.5249999999999
los	1474	GCA.000375685.1.Archaea.Thermoproteota	2026.55	0.0	1013.275
hgt	1474	GCA.000375685.1.Archaea.Thermoproteota	2026.55	0.0	1013.275
hgt	1474	GCA.000375685.1.Archaea.Thermoproteota	2026.55	0.0	1013.275
spe	1240	1240	1643.115	1643.115	1643.115
spe	1057	1057	1422.225	1422.225	1422.225
spe	1249	1249	1643.645	1643.645	1643.645
spe	1115	1115	1484.13	1484.13	1484.13
spe	903	903	1108.5584999999999	1108.5584999999999	1108.5584999999999
los	1240	GCA.001593855.1.Archaea.Thermoproteota	1643.115	0.0	821.5575
los	1057	GCA.001273335.1.Archaea.Thermoproteota	1422.225	0.0	711.1125
spe	875	875	925.9285	925.9285	925.9285
los	1249	GCA.001510295.1.Archaea.Thermoproteota	1643.645	0.0	821.8225
hgt	1115	GCA.002506605.1.Archaea.Thermoproteota	1484.13	0.0	742.065
los	903	GCA.001593875.1.Archaea.Thermoproteota	1108.5584999999999	0.0	554.2792499999999
