event	left node	right node	left date	right date	midpoint date
los	1730	UNSAMPLED	?	0.0	?
los	1730	UNSAMPLED	?	0.0	?
los	1730	UNSAMPLED	?	0.0	?
los	1730	UNSAMPLED	?	0.0	?
hgt	1730	UNSAMPLED	?	0.0	?
hgt	1730	UNSAMPLED	?	0.0	?
hgt	1730	UNSAMPLED	?	0.0	?
hgt	1572	GCF.002795805.1.Bacteria.Proteobacteria	2159.8	0.0	1079.9
spe	1504	1504	2098.745	2098.745	2098.745
hgt	1156	GCA.002405475.1.Bacteria.Proteobacteria	1529.0749999999998	0.0	764.5374999999999
hgt	1305	GCF.900111015.1.Bacteria.Proteobacteria	1675.5300000000002	0.0	837.7650000000001
spe	1389	1389	1839.06	1839.06	1839.06
spe	1471	1471	2020.585	2020.585	2020.585
los	1389	1183	1839.06	1564.6799999999998	1701.87
spe	1205	1205	1583.705	1583.705	1583.705
spe	1386	1386	1844.995	1844.995	1844.995
spe	1435	1435	1948.8049999999998	1948.8049999999998	1948.8049999999998
hgt	1183	GCF.001431315.1.Bacteria.Proteobacteria	1564.6799999999998	0.0	782.3399999999999
los	1205	GCA.002352565.1.Bacteria.Proteobacteria	1583.705	0.0	791.8525
hgt	1205	GCA.002352565.1.Bacteria.Proteobacteria	1583.705	0.0	791.8525
spe	1073	1073	1417.275	1417.275	1417.275
spe	1329	1329	1768.4450000000002	1768.4450000000002	1768.4450000000002
spe	1300	1300	1706.635	1706.635	1706.635
spe	1419	1419	1902.685	1902.685	1902.685
spe	1211	1211	1596.9450000000002	1596.9450000000002	1596.9450000000002
spe	1186	1186	1588.765	1588.765	1588.765
spe	1069	1069	1414.39	1414.39	1414.39
spe	1160	1160	1535.435	1535.435	1535.435
spe	1339	1339	1773.33	1773.33	1773.33
spe	1384	1384	1840.255	1840.255	1840.255
los	1211	1038	1596.9450000000002	1380.83	1488.8875
spe	1068	1068	1434.31	1434.31	1434.31
los	1069	GCF.002958735.1.Bacteria.Proteobacteria	1414.39	0.0	707.195
hgt	1069	GCF.002958735.1.Bacteria.Proteobacteria	1414.39	0.0	707.195
spe	1026	1026	1379.435	1379.435	1379.435
spe	1197	1197	1581.2649999999999	1581.2649999999999	1581.2649999999999
hgt	1339	1197	1773.33	1581.2649999999999	1677.2975
spe	1121	1121	1495.94	1495.94	1495.94
spe	1345	1345	1777.4699999999998	1777.4699999999998	1777.4699999999998
spe	1258	1258	1647.1100000000001	1647.1100000000001	1647.1100000000001
hgt	1038	GCF.001614315.2.Bacteria.Proteobacteria	1380.83	0.0	690.415
spe	925	925	1225.2445	1225.2445	1225.2445
spe	988	988	1330.6	1330.6	1330.6
los	1197	GCA.002432655.1.Bacteria.Proteobacteria	1581.2649999999999	0.0	790.6324999999999
hgt	1197	GCA.002432655.1.Bacteria.Proteobacteria	1581.2649999999999	0.0	790.6324999999999
spe	1009	1009	1344.875	1344.875	1344.875
spe	1022	1022	1375.33	1375.33	1375.33
spe	1285	1285	1696.92	1696.92	1696.92
spe	1285	1285	1696.92	1696.92	1696.92
hgt	1345	1285	1777.4699999999998	1696.92	1737.195
spe	1271	1271	1673.23	1673.23	1673.23
spe	1177	1177	1555.685	1555.685	1555.685
spe	1099	1099	1467.95	1467.95	1467.95
los	925	GCA.002007405.1.Bacteria.Proteobacteria	1225.2445	0.0	612.62225
los	988	GCF.900112605.1.Bacteria.Proteobacteria	1330.6	0.0	665.3
spe	891	891	1079.9275	1079.9275	1079.9275
los	1022	916	1375.33	1166.9135	1271.12175
los	1285	GCA.002085445.1.Bacteria.Proteobacteria	1696.92	0.0	848.46
spe	1219	1219	1612.4099999999999	1612.4099999999999	1612.4099999999999
spe	1219	1219	1612.4099999999999	1612.4099999999999	1612.4099999999999
spe	1136	1136	1511.5549999999998	1511.5549999999998	1511.5549999999998
spe	1144	1144	1532.81	1532.81	1532.81
los	1177	1042	1555.685	1386.92	1471.3025
spe	1042	1042	1386.92	1386.92	1386.92
hgt	1177	1042	1555.685	1386.92	1471.3025
spe	951	951	1269.845	1269.845	1269.845
spe	995	995	1332.36	1332.36	1332.36
hgt	916	GCA.002688175.1.Bacteria.Proteobacteria	1166.9135	0.0	583.45675
los	1219	964	1612.4099999999999	1273.215	1442.8125
spe	964	964	1273.215	1273.215	1273.215
los	1219	1100	1612.4099999999999	1475.48	1543.945
spe	1100	1100	1475.48	1475.48	1475.48
hgt	1219	1100	1612.4099999999999	1475.48	1543.945
spe	994	994	1316.435	1316.435	1316.435
spe	1044	1044	1391.71	1391.71	1391.71
los	1144	1049	1532.81	1408.935	1470.8725
spe	1049	1049	1408.935	1408.935	1408.935
hgt	1144	1049	1532.81	1408.935	1470.8725
spe	1071	1071	1429.77	1429.77	1429.77
los	951	GCA.002400775.1.Bacteria.Proteobacteria	1269.845	0.0	634.9225
hgt	951	GCA.002400775.1.Bacteria.Proteobacteria	1269.845	0.0	634.9225
los	964	GCF.001720165.1.Bacteria.Proteobacteria	1273.215	0.0	636.6075
spe	947	947	1266.6599999999999	1266.6599999999999	1266.6599999999999
spe	967	967	1276.255	1276.255	1276.255
los	994	GCF.000815225.1.Bacteria.Proteobacteria	1316.435	0.0	658.2175
los	1044	953	1391.71	1256.25	1323.98
spe	913	913	1160.694	1160.694	1160.694
spe	1002	1002	1334.115	1334.115	1334.115
hgt	1071	1002	1429.77	1334.115	1381.9425
los	947	GCA.002454015.1.Bacteria.Proteobacteria	1266.6599999999999	0.0	633.3299999999999
spe	879	879	953.337	953.337	953.337
los	967	GCA.002007425.1.Bacteria.Proteobacteria	1276.255	0.0	638.1275
hgt	953	GCF.003612015.1.Bacteria.Proteobacteria	1256.25	0.0	628.125
los	913	GCA.002707205.1.Bacteria.Proteobacteria	1160.694	0.0	580.347
spe	932	932	1221.505	1221.505	1221.505
los	879	GCA.002170535.1.Bacteria.Proteobacteria	953.337	0.0	476.6685
los	932	GCA.002429595.1.Bacteria.Proteobacteria	1221.505	0.0	610.7525
spe	887	887	1021.298	1021.298	1021.298
