event	left node	right node	left date	right date	midpoint date
los	1730	UNSAMPLED	?	0.0	?
los	1730	UNSAMPLED	?	0.0	?
hgt	1730	UNSAMPLED	?	0.0	?
hgt	1730	UNSAMPLED	?	0.0	?
spe	1618	1618	2495.045	2495.045	2495.045
hgt	1092	GCA.002399235.1.Bacteria.Firmicutes.G	1478.5900000000001	0.0	739.2950000000001
spe	1551	1551	2255.985	2255.985	2255.985
spe	1607	1607	2426.135	2426.135	2426.135
los	1551	1337	2255.985	1697.815	1976.9
spe	1494	1494	2085.065	2085.065	2085.065
spe	1554	1554	2263.0	2263.0	2263.0
los	1607	1568	2426.135	2312.8050000000003	2369.4700000000003
hgt	1494	GCF.000166335.1.Bacteria.Firmicutes.A	2085.065	0.0	1042.5325
spe	1429	1429	1953.0900000000001	1953.0900000000001	1953.0900000000001
spe	1456	1456	1989.36	1989.36	1989.36
spe	1477	1477	2039.0500000000002	2039.0500000000002	2039.0500000000002
spe	1192	1192	1576.985	1576.985	1576.985
spe	1310	1310	1755.96	1755.96	1755.96
los	1456	GCA.002345475.1.Bacteria.Firmicutes.H	1989.36	0.0	994.68
spe	1233	1233	1620.075	1620.075	1620.075
spe	1149	1149	1516.6599999999999	1516.6599999999999	1516.6599999999999
spe	1397	1397	1862.4850000000001	1862.4850000000001	1862.4850000000001
los	1192	GCF.000213255.1.Bacteria.Firmicutes.A	1576.985	0.0	788.4925
spe	1032	1032	1401.9	1401.9	1401.9
spe	1269	1269	1686.58	1686.58	1686.58
los	1310	1193	1755.96	1598.315	1677.1375
spe	1075	1075	1424.27	1424.27	1424.27
hgt	1149	GCF.000024605.1.Bacteria.Firmicutes.B	1516.6599999999999	0.0	758.3299999999999
spe	1207	1207	1576.575	1576.575	1576.575
spe	1338	1338	1779.53	1779.53	1779.53
hgt	1318	GCF.900111575.1.Bacteria.Firmicutes.D	1678.19	0.0	839.095
spe	1152	1152	1548.8899999999999	1548.8899999999999	1548.8899999999999
los	1269	1078	1686.58	1451.145	1568.8625
spe	1076	1076	1451.62	1451.62	1451.62
hgt	1193	1076	1598.315	1451.62	1524.9675
spe	1008	1008	1338.6	1338.6	1338.6
los	1075	GCA.002329525.1.Bacteria.Firmicutes.C	1424.27	0.0	712.135
los	1207	GCA.002329495.1.Bacteria.Firmicutes.B	1576.575	0.0	788.2875
spe	1082	1082	1436.52	1436.52	1436.52
spe	1212	1212	1606.5500000000002	1606.5500000000002	1606.5500000000002
spe	1292	1292	1708.06	1708.06	1708.06
los	1152	GCF.900142265.1.Bacteria.Firmicutes.A	1548.8899999999999	0.0	774.4449999999999
spe	1018	1018	1387.7150000000001	1387.7150000000001	1387.7150000000001
spe	944	944	1275.4850000000001	1275.4850000000001	1275.4850000000001
spe	918	918	1109.4215	1109.4215	1109.4215
spe	893	893	1065.8455000000001	1065.8455000000001	1065.8455000000001
los	1082	GCA.001513545.1.Bacteria.Firmicutes.B	1436.52	0.0	718.26
los	1212	990	1606.5500000000002	1333.3400000000001	1469.9450000000002
spe	1086	1086	1451.1	1451.1	1451.1
spe	1216	1216	1607.725	1607.725	1607.725
los	1292	1034	1708.06	1384.555	1546.3075
spe	922	922	1206.9915	1206.9915	1206.9915
hgt	957	GCF.900104115.1.Bacteria.Firmicutes.A	1285.645	0.0	642.8225
los	944	GCA.001916065.1.Bacteria.Firmicutes.A	1275.4850000000001	0.0	637.7425000000001
spe	885	885	950.2895	950.2895	950.2895
spe	998	998	1336.995	1336.995	1336.995
spe	1140	1140	1519.645	1519.645	1519.645
los	922	GCA.002478485.1.Bacteria.Firmicutes.A	1206.9915	0.0	603.49575
los	998	897	1336.995	1096.0955	1216.54525
spe	969	969	1284.875	1284.875	1284.875
los	1140	921	1519.645	1148.381	1334.013
hgt	1350	GCF.001049895.1.Bacteria.Firmicutes	1785.675	0.0	892.8375
los	969	GCF.002607855.1.Bacteria.Firmicutes.B	1284.875	0.0	642.4375
hgt	1047	GCF.001561915.1.Bacteria.Firmicutes	1373.121	0.0	686.5605
hgt	1132	GCF.001742305.1.Bacteria.Firmicutes	1481.1	0.0	740.55
spe	1095	1095	1426.77	1426.77	1426.77
hgt	1317	1095	1743.2350000000001	1426.77	1585.0025
hgt	1171	GCF.001618145.1.Bacteria.Firmicutes	1551.145	0.0	775.5725
spe	1110	1110	1475.0	1475.0	1475.0
hgt	1171	1110	1551.145	1475.0	1513.0725
spe	959	959	1258.375	1258.375	1258.375
hgt	1110	959	1475.0	1258.375	1366.6875
spe	1024	1024	1363.0	1363.0	1363.0
los	1024	962	1363.0	1253.275	1308.1375
