event	left node	right node	left date	right date	midpoint date
los	1730	UNSAMPLED	?	0.0	?
los	1730	UNSAMPLED	?	0.0	?
los	1730	UNSAMPLED	?	0.0	?
los	1730	UNSAMPLED	?	0.0	?
los	1730	UNSAMPLED	?	0.0	?
los	1730	UNSAMPLED	?	0.0	?
los	1730	UNSAMPLED	?	0.0	?
los	1730	UNSAMPLED	?	0.0	?
hgt	1730	UNSAMPLED	?	0.0	?
hgt	1730	UNSAMPLED	?	0.0	?
hgt	1730	UNSAMPLED	?	0.0	?
hgt	1730	UNSAMPLED	?	0.0	?
hgt	1730	UNSAMPLED	?	0.0	?
hgt	1730	UNSAMPLED	?	0.0	?
hgt	1730	UNSAMPLED	?	0.0	?
hgt	1730	UNSAMPLED	?	0.0	?
spe	1651	1651	2692.5550000000003	2692.5550000000003	2692.5550000000003
spe	1615	1615	2397.09	2397.09	2397.09
spe	1639	1639	2619.0699999999997	2619.0699999999997	2619.0699999999997
spe	1420	1420	1902.285	1902.285	1902.285
spe	1458	1458	2011.28	2011.28	2011.28
spe	1618	1618	2495.045	2495.045	2495.045
hgt	1620	GCF.000484535.1.Bacteria.Cyanobacteria	2510.455	0.0	1255.2275
los	1420	1007	1902.285	1418.775	1660.5300000000002
los	1458	1153	2011.28	1546.995	1779.1374999999998
spe	1393	1393	1872.885	1872.885	1872.885
los	1618	1551	2495.045	2255.985	2375.5150000000003
spe	1607	1607	2426.135	2426.135	2426.135
spe	1288	1288	1712.115	1712.115	1712.115
los	1393	1251	1872.885	1667.9650000000001	1770.4250000000002
spe	1554	1554	2263.0	2263.0	2263.0
spe	1568	1568	2312.8050000000003	2312.8050000000003	2312.8050000000003
dup	1399	GCF.001029505.1.Bacteria.Actinobacteriota	1876.995	0.0	938.4975
dup	1399	GCF.001029505.1.Bacteria.Actinobacteriota	1876.995	0.0	938.4975
hgt	1399	GCF.001029505.1.Bacteria.Actinobacteriota	1876.995	0.0	938.4975
los	1288	1123	1712.115	1509.365	1610.74
spe	1456	1456	1989.36	1989.36	1989.36
spe	1477	1477	2039.0500000000002	2039.0500000000002	2039.0500000000002
los	1568	1213	2312.8050000000003	1602.185	1957.4950000000001
spe	1550	1550	2240.33	2240.33	2240.33
hgt	1128	GCF.000969705.1.Bacteria.Actinobacteriota	1487.92	0.0	743.96
los	1456	GCA.002345475.1.Bacteria.Firmicutes.H	1989.36	0.0	994.68
hgt	1456	GCA.002345475.1.Bacteria.Firmicutes.H	1989.36	0.0	994.68
spe	1233	1233	1620.075	1620.075	1620.075
los	1477	1149	2039.0500000000002	1516.6599999999999	1777.855
spe	1397	1397	1862.4850000000001	1862.4850000000001	1862.4850000000001
hgt	1213	GCA.002385745.1.Bacteria.Firmicutes.D	1602.185	0.0	801.0925
los	1550	1318	2240.33	1678.19	1959.26
spe	1483	1483	2049.0099999999998	2049.0099999999998	2049.0099999999998
hgt	1120	GCF.004348535.1.Bacteria.Actinobacteriota	1480.79	0.0	740.395
hgt	1120	GCF.004348535.1.Bacteria.Actinobacteriota	1480.79	0.0	740.395
spe	1037	1037	1370.4699999999998	1370.4699999999998	1370.4699999999998
hgt	1120	1037	1480.79	1370.4699999999998	1425.6299999999999
spe	1075	1075	1424.27	1424.27	1424.27
los	1397	1207	1862.4850000000001	1576.575	1719.5300000000002
spe	1338	1338	1779.53	1779.53	1779.53
spe	1163	1163	1549.5949999999998	1549.5949999999998	1549.5949999999998
spe	1449	1449	1971.49	1971.49	1971.49
dup	1037	975	1370.4699999999998	1276.115	1323.2925
spe	975	975	1276.115	1276.115	1276.115
spe	975	975	1276.115	1276.115	1276.115
spe	968	968	1261.825	1261.825	1261.825
hgt	930	GCA.003138355.1.Bacteria.Actinobacteriota	1221.364	0.0	610.682
spe	1008	1008	1338.6	1338.6	1338.6
spe	1212	1212	1606.5500000000002	1606.5500000000002	1606.5500000000002
spe	1292	1292	1708.06	1708.06	1708.06
los	1163	1003	1549.5949999999998	1365.895	1457.745
los	1449	1172	1971.49	1523.81	1747.65
spe	1423	1423	1907.4450000000002	1907.4450000000002	1907.4450000000002
spe	886	886	976.5785	976.5785	976.5785
spe	886	886	976.5785	976.5785	976.5785
spe	907	907	1110.6399999999999	1110.6399999999999	1110.6399999999999
spe	898	898	1087.464	1087.464	1087.464
spe	918	918	1109.4215	1109.4215	1109.4215
los	1008	893	1338.6	1065.8455000000001	1202.22275
los	1212	990	1606.5500000000002	1333.3400000000001	1469.9450000000002
spe	1086	1086	1451.1	1451.1	1451.1
spe	1216	1216	1607.725	1607.725	1607.725
spe	1034	1034	1384.555	1384.555	1384.555
hgt	1172	GCF.001311905.1.Bacteria.Firmicutes	1523.81	0.0	761.905
spe	1209	1209	1520.8899999999999	1520.8899999999999	1520.8899999999999
hgt	1423	1209	1907.4450000000002	1520.8899999999999	1714.1675
spe	1388	1388	1843.3449999999998	1843.3449999999998	1843.3449999999998
los	886	GCF.003047285.1.Bacteria.Actinobacteriota	976.5785	0.0	488.28925
hgt	886	GCF.003047285.1.Bacteria.Actinobacteriota	976.5785	0.0	488.28925
spe	884	884	987.5229999999999	987.5229999999999	987.5229999999999
los	907	GCF.000015025.1.Bacteria.Actinobacteriota	1110.6399999999999	0.0	555.3199999999999
los	898	GCF.000384115.1.Bacteria.Actinobacteriota	1087.464	0.0	543.732
spe	885	885	950.2895	950.2895	950.2895
hgt	990	GCF.000620305.1.Bacteria.Firmicutes.B	1333.3400000000001	0.0	666.6700000000001
los	1086	998	1451.1	1336.995	1394.0475
spe	1140	1140	1519.645	1519.645	1519.645
hgt	1034	GCA.000961765.1.Bacteria.Firmicutes.B	1384.555	0.0	692.2775
spe	1297	1297	1688.26	1688.26	1688.26
spe	1350	1350	1785.675	1785.675	1785.675
los	884	GCF.001942305.1.Bacteria.Actinobacteriota	987.5229999999999	0.0	493.76149999999996
los	885	GCF.900104455.1.Bacteria.Firmicutes.C	950.2895	0.0	475.14475
hgt	885	GCF.900104455.1.Bacteria.Firmicutes.C	950.2895	0.0	475.14475
spe	969	969	1284.875	1284.875	1284.875
los	1140	921	1519.645	1148.381	1334.013
los	1297	1047	1688.26	1373.121	1530.6905000000002
spe	1132	1132	1481.1	1481.1	1481.1
los	1350	GCF.001049895.1.Bacteria.Firmicutes	1785.675	0.0	892.8375
spe	1317	1317	1743.2350000000001	1743.2350000000001	1743.2350000000001
dup	969	GCF.002607855.1.Bacteria.Firmicutes.B	1284.875	0.0	642.4375
dup	969	GCF.002607855.1.Bacteria.Firmicutes.B	1284.875	0.0	642.4375
los	969	GCF.000019165.1.Bacteria.Firmicutes.B	1284.875	0.0	642.4375
hgt	1047	GCF.900099895.1.Bacteria.Firmicutes	1373.121	0.0	686.5605
los	1132	GCF.001742305.1.Bacteria.Firmicutes	1481.1	0.0	740.55
dup	1132	GCF.000942395.1.Bacteria.Firmicutes	1481.1	0.0	740.55
dup	1132	GCF.000942395.1.Bacteria.Firmicutes	1481.1	0.0	740.55
spe	1095	1095	1426.77	1426.77	1426.77
spe	1232	1232	1618.42	1618.42	1618.42
spe	1232	1232	1618.42	1618.42	1618.42
hgt	1317	1232	1743.2350000000001	1618.42	1680.8275
los	1095	GCF.004522215.1.Bacteria.Firmicutes	1426.77	0.0	713.385
los	1232	GCF.001908175.1.Bacteria.Firmicutes	1618.42	0.0	809.21
spe	1171	1171	1551.145	1551.145	1551.145
spe	1171	1171	1551.145	1551.145	1551.145
hgt	871	GCF.000020025.1.Bacteria.Cyanobacteria	795.3699999999999	0.0	397.68499999999995
hgt	1171	GCF.001618145.1.Bacteria.Firmicutes	1551.145	0.0	775.5725
los	1171	1110	1551.145	1475.0	1513.0725
spe	1110	1110	1475.0	1475.0	1475.0
spe	959	959	1258.375	1258.375	1258.375
los	1110	1024	1475.0	1363.0	1419.0
los	959	GCF.000440555.1.Bacteria.Firmicutes	1258.375	0.0	629.1875
