event	left node	right node	left date	right date	midpoint date
los	1730	UNSAMPLED	?	0.0	?
los	1730	UNSAMPLED	?	0.0	?
los	1730	UNSAMPLED	?	0.0	?
los	1730	UNSAMPLED	?	0.0	?
los	1730	UNSAMPLED	?	0.0	?
hgt	1730	UNSAMPLED	?	0.0	?
hgt	1730	UNSAMPLED	?	0.0	?
hgt	1730	UNSAMPLED	?	0.0	?
hgt	1730	UNSAMPLED	?	0.0	?
hgt	1730	UNSAMPLED	?	0.0	?
spe	1620	1620	2510.455	2510.455	2510.455
spe	1584	1584	2371.88	2371.88	2371.88
los	1584	GCF.000013205.1.Bacteria.Cyanobacteria	2371.88	0.0	1185.94
spe	1542	1542	2232.24	2232.24	2232.24
dup	1542	1503	2232.24	2105.2200000000003	2168.73
spe	1503	1503	2105.2200000000003	2105.2200000000003	2105.2200000000003
spe	1503	1503	2105.2200000000003	2105.2200000000003	2105.2200000000003
los	1542	1492	2232.24	2064.395	2148.3175
spe	1362	1362	1717.6950000000002	1717.6950000000002	1717.6950000000002
spe	1362	1362	1717.6950000000002	1717.6950000000002	1717.6950000000002
hgt	1503	1362	2105.2200000000003	1717.6950000000002	1911.4575000000002
spe	1460	1460	2001.3500000000001	2001.3500000000001	2001.3500000000001
spe	1460	1460	2001.3500000000001	2001.3500000000001	2001.3500000000001
hgt	1492	GCF.001870225.1.Bacteria.Cyanobacteria	2064.395	0.0	1032.1975
hgt	1175	GCA.001898225.1.Bacteria.Chloroflexota	1574.225	0.0	787.1125
dup	1362	GCF.002251945.1.Bacteria.Cyanobacteria	1717.6950000000002	0.0	858.8475000000001
los	1362	GCF.000015965.1.Bacteria.Cyanobacteria	1717.6950000000002	0.0	858.8475000000001
dup	1460	1184	2001.3500000000001	1509.135	1755.2425
spe	1184	1184	1509.135	1509.135	1509.135
spe	1184	1184	1509.135	1509.135	1509.135
spe	1184	1184	1509.135	1509.135	1509.135
spe	1426	1426	1938.175	1938.175	1938.175
spe	1426	1426	1938.175	1938.175	1938.175
los	1184	GCF.000473895.1.Bacteria.Cyanobacteria	1509.135	0.0	754.5675
spe	868	868	796.3525	796.3525	796.3525
spe	868	868	796.3525	796.3525	796.3525
spe	868	868	796.3525	796.3525	796.3525
dup	1426	GCF.003838225.1.Bacteria.Cyanobacteria	1938.175	0.0	969.0875
hgt	1426	GCF.003838225.1.Bacteria.Cyanobacteria	1938.175	0.0	969.0875
los	1426	1401	1938.175	1887.2350000000001	1912.705
spe	1401	1401	1887.2350000000001	1887.2350000000001	1887.2350000000001
spe	1401	1401	1887.2350000000001	1887.2350000000001	1887.2350000000001
spe	1401	1401	1887.2350000000001	1887.2350000000001	1887.2350000000001
hgt	1426	1401	1938.175	1887.2350000000001	1912.705
hgt	1426	1401	1938.175	1887.2350000000001	1912.705
hgt	1327	GCA.001803565.1.Bacteria.Nitrospinota.B	1778.33	0.0	889.165
los	868	867	796.3525	163.12655	479.73952499999996
los	868	867	796.3525	163.12655	479.73952499999996
los	868	867	796.3525	163.12655	479.73952499999996
dup	868	GCF.000017845.1.Bacteria.Cyanobacteria	796.3525	0.0	398.17625
dup	868	GCF.000017845.1.Bacteria.Cyanobacteria	796.3525	0.0	398.17625
hgt	868	GCF.000017845.1.Bacteria.Cyanobacteria	796.3525	0.0	398.17625
spe	1291	1291	1635.52	1635.52	1635.52
spe	1291	1291	1635.52	1635.52	1635.52
spe	1291	1291	1635.52	1635.52	1635.52
spe	1364	1364	1825.65	1825.65	1825.65
spe	1364	1364	1825.65	1825.65	1825.65
spe	1364	1364	1825.65	1825.65	1825.65
dup	1291	GCF.000018105.1.Bacteria.Cyanobacteria	1635.52	0.0	817.76
los	1291	GCF.000018105.1.Bacteria.Cyanobacteria	1635.52	0.0	817.76
los	1291	GCF.000018105.1.Bacteria.Cyanobacteria	1635.52	0.0	817.76
los	1291	1135	1635.52	1444.79	1540.155
spe	1135	1135	1444.79	1444.79	1444.79
spe	1135	1135	1444.79	1444.79	1444.79
spe	1147	1147	1436.775	1436.775	1436.775
spe	1147	1147	1436.775	1436.775	1436.775
spe	1147	1147	1436.775	1436.775	1436.775
los	1364	1326	1825.65	1773.275	1799.4625
spe	1326	1326	1773.275	1773.275	1773.275
spe	1326	1326	1773.275	1773.275	1773.275
dup	1135	GCF.000316115.1.Bacteria.Cyanobacteria	1444.79	0.0	722.395
hgt	1135	GCF.000316115.1.Bacteria.Cyanobacteria	1444.79	0.0	722.395
hgt	1135	GCF.000316115.1.Bacteria.Cyanobacteria	1444.79	0.0	722.395
los	1135	GCA.001698445.1.Bacteria.Cyanobacteria	1444.79	0.0	722.395
dup	1147	GCF.002215035.1.Bacteria.Cyanobacteria	1436.775	0.0	718.3875
dup	1147	GCF.002215035.1.Bacteria.Cyanobacteria	1436.775	0.0	718.3875
hgt	1147	GCF.002215035.1.Bacteria.Cyanobacteria	1436.775	0.0	718.3875
hgt	1147	GCF.002215035.1.Bacteria.Cyanobacteria	1436.775	0.0	718.3875
los	1147	GCF.000353285.1.Bacteria.Cyanobacteria	1436.775	0.0	718.3875
spe	1224	1224	1634.795	1634.795	1634.795
spe	1224	1224	1634.795	1634.795	1634.795
los	1224	866	1634.795	34.435	834.615
spe	866	866	34.435	34.435	34.435
spe	910	910	920.2075	920.2075	920.2075
spe	910	910	920.2075	920.2075	920.2075
los	866	Richelia.intracellularis.HM01	34.435	0.0	17.2175
los	910	871	920.2075	795.3699999999999	857.7887499999999
spe	871	871	795.3699999999999	795.3699999999999	795.3699999999999
spe	871	871	795.3699999999999	795.3699999999999	795.3699999999999
spe	871	871	795.3699999999999	795.3699999999999	795.3699999999999
hgt	910	871	920.2075	795.3699999999999	857.7887499999999
hgt	910	871	920.2075	795.3699999999999	857.7887499999999
hgt	910	Fischerella.muscicola.CCMEE5323	920.2075	0.0	460.10375
los	871	Nostoc.sp.PCC7120	795.3699999999999	0.0	397.68499999999995
