event	left node	right node	left date	right date	midpoint date
los	1730	UNSAMPLED	?	0.0	?
los	1730	UNSAMPLED	?	0.0	?
los	1730	UNSAMPLED	?	0.0	?
hgt	1730	UNSAMPLED	?	0.0	?
hgt	1730	UNSAMPLED	?	0.0	?
hgt	1730	UNSAMPLED	?	0.0	?
hgt	1489	GCA.002746535.1.Bacteria.Planctomycetota	2045.545	0.0	1022.7725
hgt	1203	GCA.002500605.1.Bacteria.Nitrospinota	1613.625	0.0	806.8125
spe	1526	1526	2175.61	2175.61	2175.61
spe	1305	1305	1675.5300000000002	1675.5300000000002	1675.5300000000002
spe	1504	1504	2098.745	2098.745	2098.745
hgt	1253	GCA.002451085.1.Bacteria.Proteobacteria	1606.2350000000001	0.0	803.1175000000001
los	1305	GCF.900111015.1.Bacteria.Proteobacteria	1675.5300000000002	0.0	837.7650000000001
hgt	1305	GCF.002940605.1.Bacteria.Proteobacteria	1675.5300000000002	0.0	837.7650000000001
los	1504	1389	2098.745	1839.06	1968.9025
spe	1471	1471	2020.585	2020.585	2020.585
spe	1386	1386	1844.995	1844.995	1844.995
spe	1435	1435	1948.8049999999998	1948.8049999999998	1948.8049999999998
los	1386	1073	1844.995	1417.275	1631.135
spe	1329	1329	1768.4450000000002	1768.4450000000002	1768.4450000000002
spe	1300	1300	1706.635	1706.635	1706.635
los	1435	1419	1948.8049999999998	1902.685	1925.745
hgt	1315	GCA.002699025.1.Bacteria.Myxococcota	1750.53	0.0	875.265
spe	1377	1377	1836.685	1836.685	1836.685
hgt	1409	1377	1885.97	1836.685	1861.3274999999999
spe	1211	1211	1596.9450000000002	1596.9450000000002	1596.9450000000002
spe	1186	1186	1588.765	1588.765	1588.765
spe	1069	1069	1414.39	1414.39	1414.39
los	1300	1160	1706.635	1535.435	1621.0349999999999
spe	1255	1255	1643.315	1643.315	1643.315
spe	1314	1314	1750.105	1750.105	1750.105
los	1211	GCF.001641825.1.Bacteria.Proteobacteria	1596.9450000000002	0.0	798.4725000000001
spe	1038	1038	1380.83	1380.83	1380.83
los	1186	1068	1588.765	1434.31	1511.5375
los	1069	GCF.002958735.1.Bacteria.Proteobacteria	1414.39	0.0	707.195
spe	1088	1088	1422.265	1422.265	1422.265
los	1255	1089	1643.315	1453.8899999999999	1548.6025
spe	1237	1237	1624.365	1624.365	1624.365
spe	1268	1268	1674.98	1674.98	1674.98
spe	894	894	1067.6595	1067.6595	1067.6595
spe	1177	1177	1555.685	1555.685	1555.685
hgt	1258	1177	1647.1100000000001	1555.685	1601.3975
los	1088	GCA.002723345.1.Bacteria.Proteobacteria	1422.265	0.0	711.1325
los	1237	1113	1624.365	1476.57	1550.4675
los	1268	1155	1674.98	1543.27	1609.125
spe	1167	1167	1549.46	1549.46	1549.46
los	894	GCA.002699105.1.Bacteria.Bacteroidota	1067.6595	0.0	533.82975
spe	1042	1042	1386.92	1386.92	1386.92
los	1167	1063	1549.46	1429.46	1489.46
hgt	891	GCA.003155415.1.Bacteria.Proteobacteria	1079.9275	0.0	539.96375
los	1042	GCF.002020875.1.Bacteria.Proteobacteria	1386.92	0.0	693.46
hgt	913	GCA.002796245.1.Bacteria.Proteobacteria	1160.694	0.0	580.347
hgt	887	GCA.001801285.1.Bacteria.Proteobacteria	1021.298	0.0	510.649
