event	left node	right node	left date	right date	midpoint date
los	1730	UNSAMPLED	?	0.0	?
los	1730	UNSAMPLED	?	0.0	?
hgt	1730	UNSAMPLED	?	0.0	?
hgt	1730	UNSAMPLED	?	0.0	?
hgt	1730	UNSAMPLED	?	0.0	?
spe	1657	1657	2723.605	2723.605	2723.605
spe	1597	1597	2420.455	2420.455	2420.455
spe	1594	1594	2416.915	2416.915	2416.915
spe	1536	1536	2216.5299999999997	2216.5299999999997	2216.5299999999997
los	1597	1375	2420.455	1801.635	2111.045
spe	1454	1454	1996.5549999999998	1996.5549999999998	1996.5549999999998
spe	1546	1546	2249.485	2249.485	2249.485
spe	1446	1446	1968.2	1968.2	1968.2
los	1536	1455	2216.5299999999997	1994.0249999999999	2105.2774999999997
spe	1349	1349	1803.385	1803.385	1803.385
spe	1396	1396	1862.6550000000002	1862.6550000000002	1862.6550000000002
spe	1452	1452	1987.5749999999998	1987.5749999999998	1987.5749999999998
spe	1500	1500	2094.15	2094.15	2094.15
spe	1208	1208	1604.38	1604.38	1604.38
spe	1308	1308	1749.925	1749.925	1749.925
spe	1270	1270	1679.7150000000001	1679.7150000000001	1679.7150000000001
los	1349	1180	1803.385	1577.9099999999999	1690.6475
spe	1225	1225	1589.8200000000002	1589.8200000000002	1589.8200000000002
spe	1056	1056	1430.125	1430.125	1430.125
spe	1164	1164	1538.99	1538.99	1538.99
spe	1395	1395	1858.705	1858.705	1858.705
spe	1312	1312	1749.085	1749.085	1749.085
los	1500	970	2094.15	1294.4735	1694.31175
los	1208	GCA.002450835.1.Bacteria.Chloroflexota	1604.38	0.0	802.19
spe	1260	1260	1662.42	1662.42	1662.42
spe	1058	1058	1413.835	1413.835	1413.835
spe	1105	1105	1492.005	1492.005	1492.005
los	1225	GCA.002366595.1.Bacteria.Chloroflexota	1589.8200000000002	0.0	794.9100000000001
hgt	1225	GCA.002366595.1.Bacteria.Chloroflexota	1589.8200000000002	0.0	794.9100000000001
los	1056	GCA.002348045.1.Bacteria.Chloroflexota	1430.125	0.0	715.0625
los	1164	GCF.003967555.1.Bacteria.Chloroflexota	1538.99	0.0	769.495
los	1395	1129	1858.705	1519.02	1688.8625
hgt	1312	GCF.000025005.1.Bacteria.Chloroflexota	1749.085	0.0	874.5425
spe	1175	1175	1574.225	1574.225	1574.225
hgt	1214	GCA.002429065.1.Bacteria.Verrucomicrobiota	1595.8649999999998	0.0	797.9324999999999
spe	1125	1125	1501.935	1501.935	1501.935
spe	1159	1159	1546.495	1546.495	1546.495
spe	1159	1159	1546.495	1546.495	1546.495
hgt	1260	1159	1662.42	1546.495	1604.4575
los	1058	GCA.002450515.1.Bacteria.Chloroflexota	1413.835	0.0	706.9175
spe	978	978	1317.205	1317.205	1317.205
los	1175	1053	1574.225	1431.56	1502.8925
los	1125	GCA.002721445.1.Bacteria.Chloroflexota	1501.935	0.0	750.9675
los	1159	GCA.002717565.1.Bacteria.Chloroflexota	1546.495	0.0	773.2475
spe	1046	1046	1411.15	1411.15	1411.15
spe	1046	1046	1411.15	1411.15	1411.15
spe	905	905	1158.2640000000001	1158.2640000000001	1158.2640000000001
hgt	1053	GCA.002292925.1.Bacteria.Chloroflexota	1431.56	0.0	715.78
hgt	1366	GCA.000739515.1.Bacteria.Moduliflexota	1810.42	0.0	905.21
los	1046	GCA.002717925.1.Bacteria.Chloroflexota	1411.15	0.0	705.575
los	1046	GCA.002710215.1.Bacteria.Chloroflexota	1411.15	0.0	705.575
spe	1101	1101	1483.83	1483.83	1483.83
hgt	1275	1101	1682.815	1483.83	1583.3225
spe	931	931	1226.5439999999999	1226.5439999999999	1226.5439999999999
los	931	GCA.003223635.1.Bacteria.Acidobacteriota	1226.5439999999999	0.0	613.2719999999999
hgt	929	GCA.002898795.1.Bacteria.Desulfobacterota.B	1228.3465	0.0	614.17325
