event	left node	right node	left date	right date	midpoint date
los	1730	UNSAMPLED	?	0.0	?
los	1730	UNSAMPLED	?	0.0	?
hgt	1730	UNSAMPLED	?	0.0	?
hgt	1730	UNSAMPLED	?	0.0	?
hgt	1730	UNSAMPLED	?	0.0	?
hgt	1392	GCA.002328485.1.Bacteria.Desulfobacterota.G	1810.17	0.0	905.085
hgt	1221	GCA.001797675.1.Bacteria.Desulfobacterota	1616.13	0.0	808.065
hgt	1501	GCA.002632265.1.Bacteria.Proteobacteria	2084.22	0.0	1042.11
hgt	939	GCA.001767075.1.Bacteria.Acidobacteriota	1256.385	0.0	628.1925
hgt	966	GCA.000961655.1.Bacteria.Desulfobacterota	1311.85	0.0	655.925
spe	1409	1409	1885.97	1885.97	1885.97
spe	1377	1377	1836.685	1836.685	1836.685
spe	1336	1336	1775.885	1775.885	1775.885
los	1377	1255	1836.685	1643.315	1740.0
spe	1314	1314	1750.105	1750.105	1750.105
spe	1064	1064	1397.7350000000001	1397.7350000000001	1397.7350000000001
spe	1282	1282	1694.565	1694.565	1694.565
spe	1237	1237	1624.365	1624.365	1624.365
spe	1268	1268	1674.98	1674.98	1674.98
los	1064	GCF.000264455.2.Bacteria.Proteobacteria	1397.7350000000001	0.0	698.8675000000001
los	1282	980	1694.565	1316.1950000000002	1505.38
spe	1228	1228	1636.7800000000002	1636.7800000000002	1636.7800000000002
hgt	1088	GCA.002723345.1.Bacteria.Proteobacteria	1422.265	0.0	711.1325
spe	1113	1113	1476.57	1476.57	1476.57
los	1237	GCA.002340345.1.Bacteria.Proteobacteria	1624.365	0.0	812.1825
spe	1155	1155	1543.27	1543.27	1543.27
los	1268	1167	1674.98	1549.46	1612.22
spe	986	986	1312.7	1312.7	1312.7
spe	1145	1145	1544.73	1544.73	1544.73
dup	1113	GCF.002148795.1.Bacteria.Proteobacteria	1476.57	0.0	738.285
spe	954	954	1226.72	1226.72	1226.72
spe	1040	1040	1394.155	1394.155	1394.155
spe	1012	1012	1359.195	1359.195	1359.195
los	1145	948	1544.73	1237.1634999999999	1390.94675
spe	948	948	1237.1634999999999	1237.1634999999999	1237.1634999999999
hgt	1145	948	1544.73	1237.1634999999999	1390.94675
spe	1067	1067	1436.825	1436.825	1436.825
spe	904	904	1094.241	1094.241	1094.241
hgt	1040	GCF.002251795.1.Bacteria.Proteobacteria	1394.155	0.0	697.0775
spe	914	914	1117.2015	1117.2015	1117.2015
los	1012	GCF.900167455.1.Bacteria.Proteobacteria	1359.195	0.0	679.5975
spe	917	917	1181.4985000000001	1181.4985000000001	1181.4985000000001
hgt	1012	917	1359.195	1181.4985000000001	1270.3467500000002
los	1067	946	1436.825	1261.48	1349.1525000000001
spe	952	952	1269.025	1269.025	1269.025
los	904	GCA.002709155.1.Bacteria.Proteobacteria	1094.241	0.0	547.1205
spe	881	881	948.5585	948.5585	948.5585
los	917	GCA.002291925.1.Bacteria.Proteobacteria	1181.4985000000001	0.0	590.7492500000001
spe	895	895	1116.0495	1116.0495	1116.0495
los	952	920	1269.025	1217.64	1243.3325
spe	920	920	1217.64	1217.64	1217.64
hgt	952	920	1269.025	1217.64	1243.3325
los	881	GCA.002457765.1.Bacteria.Proteobacteria	948.5585	0.0	474.27925
spe	873	873	884.6055000000001	884.6055000000001	884.6055000000001
los	873	GCA.003454415.1.Bacteria.Proteobacteria	884.6055000000001	0.0	442.30275000000006
