event	left node	right node	left date	right date	midpoint date
los	1730	UNSAMPLED	?	0.0	?
los	1730	UNSAMPLED	?	0.0	?
los	1730	UNSAMPLED	?	0.0	?
los	1730	UNSAMPLED	?	0.0	?
los	1730	UNSAMPLED	?	0.0	?
los	1730	UNSAMPLED	?	0.0	?
hgt	1730	UNSAMPLED	?	0.0	?
hgt	1730	UNSAMPLED	?	0.0	?
hgt	1730	UNSAMPLED	?	0.0	?
spe	1503	1503	2105.2200000000003	2105.2200000000003	2105.2200000000003
hgt	1542	1503	2232.24	2105.2200000000003	2168.73
spe	1362	1362	1717.6950000000002	1717.6950000000002	1717.6950000000002
spe	1460	1460	2001.3500000000001	2001.3500000000001	2001.3500000000001
los	1362	GCF.000015965.1.Bacteria.Cyanobacteria	1717.6950000000002	0.0	858.8475000000001
spe	1184	1184	1509.135	1509.135	1509.135
spe	1426	1426	1938.175	1938.175	1938.175
hgt	1505	GCF.900177345.1.Bacteria.Proteobacteria	2061.575	0.0	1030.7875
los	1184	868	1509.135	796.3525	1152.74375
spe	1401	1401	1887.2350000000001	1887.2350000000001	1887.2350000000001
hgt	963	GCF.000170755.1.Bacteria.Verrucomicrobiota	1318.23	0.0	659.115
hgt	868	GCF.000017845.1.Bacteria.Cyanobacteria	796.3525	0.0	398.17625
spe	1291	1291	1635.52	1635.52	1635.52
spe	1364	1364	1825.65	1825.65	1825.65
los	1291	1135	1635.52	1444.79	1540.155
spe	1147	1147	1436.775	1436.775	1436.775
spe	1326	1326	1773.275	1773.275	1773.275
spe	1520	1520	2147.98	2147.98	2147.98
hgt	1135	GCF.000316115.1.Bacteria.Cyanobacteria	1444.79	0.0	722.395
hgt	1135	GCA.001698445.1.Bacteria.Cyanobacteria	1444.79	0.0	722.395
spe	1224	1224	1634.795	1634.795	1634.795
spe	1405	1405	1824.305	1824.305	1824.305
hgt	1520	1405	2147.98	1824.305	1986.1425
spe	1482	1482	2054.51	2054.51	2054.51
spe	866	866	34.435	34.435	34.435
spe	910	910	920.2075	920.2075	920.2075
spe	1093	1093	1459.395	1459.395	1459.395
hgt	1283	1093	1693.33	1459.395	1576.3625
los	1405	GCA.003247575.1.Bacteria.Myxococcota.A	1824.305	0.0	912.1525
spe	1465	1465	2001.85	2001.85	2001.85
los	1482	1372	2054.51	1822.44	1938.4750000000001
spe	871	871	795.3699999999999	795.3699999999999	795.3699999999999
spe	1373	1373	1835.155	1835.155	1835.155
spe	1315	1315	1750.53	1750.53	1750.53
spe	1265	1265	1676.35	1676.35	1676.35
los	1373	979	1835.155	1328.145	1581.65
hgt	1373	979	1835.155	1328.145	1581.65
los	1315	1223	1750.53	1617.135	1683.8325
hgt	1315	1223	1750.53	1617.135	1683.8325
hgt	1073	GCF.000021985.1.Bacteria.Proteobacteria	1417.275	0.0	708.6375
spe	1036	1036	1389.97	1389.97	1389.97
spe	1131	1131	1516.9050000000002	1516.9050000000002	1516.9050000000002
hgt	1080	GCA.002721815.1.Bacteria.Myxococcota	1444.88	0.0	722.44
hgt	1211	GCF.001641825.1.Bacteria.Proteobacteria	1596.9450000000002	0.0	798.4725000000001
dup	1069	GCF.002958735.1.Bacteria.Proteobacteria	1414.39	0.0	707.195
hgt	1069	GCF.002958735.1.Bacteria.Proteobacteria	1414.39	0.0	707.195
spe	1258	1258	1647.1100000000001	1647.1100000000001	1647.1100000000001
hgt	1384	1258	1840.255	1647.1100000000001	1743.6825000000001
los	1036	GCA.002841945.1.Bacteria.Myxococcota	1389.97	0.0	694.985
los	1131	GCA.002863065.1.Bacteria.Myxococcota	1516.9050000000002	0.0	758.4525000000001
spe	976	976	1313.225	1313.225	1313.225
spe	1177	1177	1555.685	1555.685	1555.685
spe	1099	1099	1467.95	1467.95	1467.95
los	976	GCA.002726535.1.Bacteria.Myxococcota	1313.225	0.0	656.6125
hgt	894	GCA.002746645.1.Bacteria.Proteobacteria	1067.6595	0.0	533.82975
hgt	988	GCF.000374645.1.Bacteria.Proteobacteria	1330.6	0.0	665.3
los	1177	1042	1555.685	1386.92	1471.3025
spe	951	951	1269.845	1269.845	1269.845
spe	995	995	1332.36	1332.36	1332.36
los	951	GCA.003230085.1.Bacteria.Proteobacteria	1269.845	0.0	634.9225
hgt	951	GCA.003230085.1.Bacteria.Proteobacteria	1269.845	0.0	634.9225
hgt	1049	GCA.002469885.1.Bacteria.Proteobacteria	1408.935	0.0	704.4675
hgt	877	GCF.000284615.1.Bacteria.Proteobacteria	936.1675	0.0	468.08375
