event	left node	right node	left date	right date	midpoint date
los	1730	UNSAMPLED	?	0.0	?
los	1730	UNSAMPLED	?	0.0	?
los	1730	UNSAMPLED	?	0.0	?
hgt	1730	UNSAMPLED	?	0.0	?
hgt	1730	UNSAMPLED	?	0.0	?
spe	1692	1692	3018.815	3018.815	3018.815
spe	1247	1247	1723.2350000000001	1723.2350000000001	1723.2350000000001
spe	1657	1657	2723.605	2723.605	2723.605
spe	1626	1626	2550.5649999999996	2550.5649999999996	2550.5649999999996
hgt	1648	1626	2676.31	2550.5649999999996	2613.4375
los	1657	1597	2723.605	2420.455	2572.0299999999997
hgt	1657	1597	2723.605	2420.455	2572.0299999999997
spe	1594	1594	2416.915	2416.915	2416.915
spe	1353	1353	1777.3000000000002	1777.3000000000002	1777.3000000000002
spe	1590	1590	2405.8050000000003	2405.8050000000003	2405.8050000000003
los	1594	1454	2416.915	1996.5549999999998	2206.7349999999997
spe	1546	1546	2249.485	2249.485	2249.485
spe	1507	1507	2113.35	2113.35	2113.35
los	1590	1545	2405.8050000000003	2236.7	2321.2525
spe	1452	1452	1987.5749999999998	1987.5749999999998	1987.5749999999998
spe	1500	1500	2094.15	2094.15	2094.15
spe	1347	1347	1788.28	1788.28	1788.28
spe	1467	1467	2012.51	2012.51	2012.51
spe	1164	1164	1538.99	1538.99	1538.99
spe	1395	1395	1858.705	1858.705	1858.705
spe	1312	1312	1749.085	1749.085	1749.085
spe	970	970	1294.4735	1294.4735	1294.4735
spe	1210	1210	1606.47	1606.47	1606.47
los	1347	GCA.001767695.1.Bacteria.Actinobacteriota	1788.28	0.0	894.14
los	1467	1128	2012.51	1487.92	1750.2150000000001
spe	1382	1382	1838.915	1838.915	1838.915
los	1164	GCF.003967555.1.Bacteria.Chloroflexota	1538.99	0.0	769.495
los	1395	1129	1858.705	1519.02	1688.8625
spe	1175	1175	1574.225	1574.225	1574.225
spe	984	984	1323.4650000000001	1323.4650000000001	1323.4650000000001
spe	984	984	1323.4650000000001	1323.4650000000001	1323.4650000000001
hgt	1210	984	1606.47	1323.4650000000001	1464.9675000000002
hgt	1128	GCF.000969705.1.Bacteria.Actinobacteriota	1487.92	0.0	743.96
hgt	1382	GCA.002413185.1.Bacteria.Actinobacteriota	1838.915	0.0	919.4575
hgt	1382	GCA.002413185.1.Bacteria.Actinobacteriota	1838.915	0.0	919.4575
spe	1120	1120	1480.79	1480.79	1480.79
los	1175	1053	1574.225	1431.56	1502.8925
hgt	1015	GCA.003158275.1.Archaea.Halobacteriota	1371.3049999999998	0.0	685.6524999999999
los	984	892	1323.4650000000001	1082.515	1202.9900000000002
spe	892	892	1082.515	1082.515	1082.515
hgt	1120	GCF.004348535.1.Bacteria.Actinobacteriota	1480.79	0.0	740.395
spe	1037	1037	1370.4699999999998	1370.4699999999998	1370.4699999999998
spe	1037	1037	1370.4699999999998	1370.4699999999998	1370.4699999999998
hgt	1120	1037	1480.79	1370.4699999999998	1425.6299999999999
spe	975	975	1276.115	1276.115	1276.115
spe	975	975	1276.115	1276.115	1276.115
spe	968	968	1261.825	1261.825	1261.825
spe	968	968	1261.825	1261.825	1261.825
spe	968	968	1261.825	1261.825	1261.825
hgt	1037	968	1370.4699999999998	1261.825	1316.1475
los	975	886	1276.115	976.5785	1126.34675
spe	886	886	976.5785	976.5785	976.5785
hgt	975	886	1276.115	976.5785	1126.34675
spe	907	907	1110.6399999999999	1110.6399999999999	1110.6399999999999
spe	907	907	1110.6399999999999	1110.6399999999999	1110.6399999999999
spe	907	907	1110.6399999999999	1110.6399999999999	1110.6399999999999
los	968	898	1261.825	1087.464	1174.6444999999999
spe	898	898	1087.464	1087.464	1087.464
spe	898	898	1087.464	1087.464	1087.464
spe	884	884	987.5229999999999	987.5229999999999	987.5229999999999
spe	884	884	987.5229999999999	987.5229999999999	987.5229999999999
spe	884	884	987.5229999999999	987.5229999999999	987.5229999999999
los	907	GCF.000015025.1.Bacteria.Actinobacteriota	1110.6399999999999	0.0	555.3199999999999
los	898	GCF.000384115.1.Bacteria.Actinobacteriota	1087.464	0.0	543.732
los	898	GCA.001437855.1.Bacteria.Actinobacteriota	1087.464	0.0	543.732
los	884	GCF.900106035.1.Bacteria.Actinobacteriota	987.5229999999999	0.0	493.76149999999996
los	884	GCF.001942305.1.Bacteria.Actinobacteriota	987.5229999999999	0.0	493.76149999999996
