event	left node	right node	left date	right date	midpoint date
los	1730	UNSAMPLED	?	0.0	?
los	1730	UNSAMPLED	?	0.0	?
los	1730	UNSAMPLED	?	0.0	?
hgt	1730	UNSAMPLED	?	0.0	?
hgt	1730	UNSAMPLED	?	0.0	?
hgt	1730	UNSAMPLED	?	0.0	?
spe	1671	1671	2798.9	2798.9	2798.9
spe	1640	1640	2626.73	2626.73	2626.73
spe	1645	1645	2653.5150000000003	2653.5150000000003	2653.5150000000003
spe	1621	1621	2517.75	2517.75	2517.75
spe	1424	1424	1902.65	1902.65	1902.65
hgt	1645	1424	2653.5150000000003	1902.65	2278.0825000000004
spe	1622	1622	2527.615	2527.615	2527.615
hgt	1418	GCA.001587715.1.Archaea.Methanobacteriota.B	1886.455	0.0	943.2275
spe	1540	1540	2214.8	2214.8	2214.8
los	1621	1588	2517.75	2383.6549999999997	2450.7025
hgt	1621	1588	2517.75	2383.6549999999997	2450.7025
los	1622	GCA.001940665.1.Archaea.Asgardarchaeota	2527.615	0.0	1263.8075
spe	1606	1606	2445.1400000000003	2445.1400000000003	2445.1400000000003
spe	1523	1523	2166.265	2166.265	2166.265
hgt	1610	1523	2447.115	2166.265	2306.6899999999996
los	1540	1358	2214.8	1798.4299999999998	2006.615
spe	1398	1398	1863.195	1863.195	1863.195
spe	1518	1518	2127.23	2127.23	2127.23
spe	1354	1354	1813.355	1813.355	1813.355
spe	1447	1447	1969.495	1969.495	1969.495
los	1398	GCF.000148385.1.Archaea.Thermoproteota	1863.195	0.0	931.5975
spe	1127	1127	1515.1799999999998	1515.1799999999998	1515.1799999999998
spe	1187	1187	1579.1	1579.1	1579.1
los	1518	1103	2127.23	1481.835	1804.5325
spe	1231	1231	1645.2649999999999	1645.2649999999999	1645.2649999999999
los	1354	GCA.000002435.2.Eukaryota.Fornicata	1813.355	0.0	906.6775
spe	1257	1257	1616.7	1616.7	1616.7
spe	1360	1360	1812.405	1812.405	1812.405
hgt	1176	GCF.000011205.1.Archaea.Thermoproteota	1577.935	0.0	788.9675
los	1127	GCA.001717025.1.Archaea.Thermoproteota	1515.1799999999998	0.0	757.5899999999999
los	1187	GCA.001940755.1.Archaea.Asgardarchaeota	1579.1	0.0	789.55
los	1231	GCA.000189635.1.Eukaryota.Ciliophora	1645.2649999999999	0.0	822.6324999999999
spe	1091	1091	1475.775	1475.775	1475.775
los	1360	1055	1812.405	1412.42	1612.4125
spe	1256	1256	1663.625	1663.625	1663.625
hgt	1274	GCA.001593865.1.Archaea.Thermoproteota	1643.05	0.0	821.525
spe	927	927	1215.125	1215.125	1215.125
spe	1020	1020	1389.275	1389.275	1389.275
spe	1015	1015	1371.3049999999998	1371.3049999999998	1371.3049999999998
spe	1143	1143	1542.125	1542.125	1542.125
hgt	1115	GCA.002506605.1.Archaea.Thermoproteota	1484.13	0.0	742.065
los	927	GCF.000165345.1.Eukaryota.Apicocomplexa	1215.125	0.0	607.5625
los	1020	943	1389.275	1269.475	1329.375
spe	923	923	1219.565	1219.565	1219.565
los	1015	GCA.003158275.1.Archaea.Halobacteriota	1371.3049999999998	0.0	685.6524999999999
los	1143	GCA.002256595.1.Archaea.Halobacteriota	1542.125	0.0	771.0625
spe	1013	1013	1366.345	1366.345	1366.345
spe	888	888	1084.09	1084.09	1084.09
hgt	943	888	1269.475	1084.09	1176.7824999999998
dup	923	876	1219.565	946.8465	1083.20575
spe	876	876	946.8465	946.8465	946.8465
spe	876	876	946.8465	946.8465	946.8465
spe	911	911	1169.1970000000001	1169.1970000000001	1169.1970000000001
los	1013	GCA.001412335.1.Archaea.Halobacteriota	1366.345	0.0	683.1725
spe	869	869	694.719	694.719	694.719
spe	869	869	694.719	694.719	694.719
los	911	GCF.000970205.1.Archaea.Halobacteriota	1169.1970000000001	0.0	584.5985000000001
