event	left node	right node	left date	right date	midpoint date
los	1730	UNSAMPLED	?	0.0	?
los	1730	UNSAMPLED	?	0.0	?
los	1730	UNSAMPLED	?	0.0	?
los	1730	UNSAMPLED	?	0.0	?
los	1730	UNSAMPLED	?	0.0	?
los	1730	UNSAMPLED	?	0.0	?
hgt	1730	UNSAMPLED	?	0.0	?
hgt	1730	UNSAMPLED	?	0.0	?
hgt	1730	UNSAMPLED	?	0.0	?
hgt	1730	UNSAMPLED	?	0.0	?
hgt	1730	UNSAMPLED	?	0.0	?
spe	1707	1707	3263.21	3263.21	3263.21
hgt	1707	GCA.001889985.1.Archaea.Micrarchaeota	3263.21	0.0	1631.605
spe	1700	1700	3191.81	3191.81	3191.81
spe	1679	1679	3031.295	3031.295	3031.295
spe	1688	1688	3099.385	3099.385	3099.385
spe	1649	1649	2826.89	2826.89	2826.89
spe	1651	1651	2840.67	2840.67	2840.67
spe	1624	1624	2666.455	2666.455	2666.455
spe	1659	1659	2898.43	2898.43	2898.43
los	1649	GCA.002789635.1.Archaea.Aenigmatarchaeota	2826.89	0.0	1413.445
spe	1604	1604	2583.67	2583.67	2583.67
los	1651	1479	2840.67	2196.6349999999998	2518.6525
spe	1620	1620	2642.975	2642.975	2642.975
spe	868	868	482.601	482.601	482.601
spe	1502	1502	2249.94	2249.94	2249.94
spe	1633	1633	2719.62	2719.62	2719.62
spe	1629	1629	2700.3950000000004	2700.3950000000004	2700.3950000000004
spe	1629	1629	2700.3950000000004	2700.3950000000004	2700.3950000000004
hgt	1659	1629	2898.43	2700.3950000000004	2799.4125000000004
los	1604	GCA.002254415.1.Archaea.EX4484.52	2583.67	0.0	1291.835
hgt	1604	GCA.002254415.1.Archaea.EX4484.52	2583.67	0.0	1291.835
spe	1522	1522	2328.89	2328.89	2328.89
spe	1554	1554	2424.485	2424.485	2424.485
spe	1244	1244	1749.9099999999999	1749.9099999999999	1749.9099999999999
spe	1574	1574	2491.15	2491.15	2491.15
spe	1626	1626	2684.395	2684.395	2684.395
spe	1626	1626	2684.395	2684.395	2684.395
hgt	1633	1626	2719.62	2684.395	2702.0074999999997
spe	1595	1595	2557.41	2557.41	2557.41
spe	1595	1595	2557.41	2557.41	2557.41
spe	1608	1608	2596.565	2596.565	2596.565
spe	1608	1608	2596.565	2596.565	2596.565
spe	1407	1407	2026.93	2026.93	2026.93
spe	1382	1382	1991.6750000000002	1991.6750000000002	1991.6750000000002
spe	1474	1474	2178.965	2178.965	2178.965
spe	1490	1490	2226.5299999999997	2226.5299999999997	2226.5299999999997
spe	1442	1442	2097.27	2097.27	2097.27
los	1626	1497	2684.395	2229.015	2456.705
spe	1497	1497	2229.015	2229.015	2229.015
spe	1585	1585	2518.6800000000003	2518.6800000000003	2518.6800000000003
spe	1585	1585	2518.6800000000003	2518.6800000000003	2518.6800000000003
los	1595	GCF.000019605.1.Archaea.Thermoproteota	2557.41	0.0	1278.705
spe	1562	1562	2461.325	2461.325	2461.325
spe	1562	1562	2461.325	2461.325	2461.325
spe	1448	1448	2114.17	2114.17	2114.17
spe	1448	1448	2114.17	2114.17	2114.17
spe	1579	1579	2507.51	2507.51	2507.51
spe	1579	1579	2507.51	2507.51	2507.51
los	1382	GCA.002497285.1.Archaea.Nanoarchaeota	1991.6750000000002	0.0	995.8375000000001
los	1474	GCA.002789275.1.Archaea.Huberarchaeota	2178.965	0.0	1089.4825
hgt	1474	GCA.002789275.1.Archaea.Huberarchaeota	2178.965	0.0	1089.4825
los	1490	GCA.001587715.1.Archaea.Methanobacteriota.B	2226.5299999999997	0.0	1113.2649999999999
los	1442	GCF.002214485.1.Archaea.Methanobacteriota.B	2097.27	0.0	1048.635
hgt	1442	GCF.002214485.1.Archaea.Methanobacteriota.B	2097.27	0.0	1048.635
los	1497	GCA.003230355.1.Archaea.Hydrothermarchaeota	2229.015	0.0	1114.5075
hgt	1497	GCA.003230355.1.Archaea.Hydrothermarchaeota	2229.015	0.0	1114.5075
los	1585	GCF.000025525.1.Archaea.Methanobacteriota.A	2518.6800000000003	0.0	1259.3400000000001
los	1585	1546	2518.6800000000003	2403.395	2461.0375000000004
spe	1546	1546	2403.395	2403.395	2403.395
los	1562	1483	2461.325	2207.27	2334.2974999999997
spe	1483	1483	2207.27	2207.27	2207.27
los	1562	1526	2461.325	2340.985	2401.1549999999997
spe	1526	1526	2340.985	2340.985	2340.985
hgt	1562	1526	2461.325	2340.985	2401.1549999999997
los	1448	GCA.001940655.1.Archaea.Asgardarchaeota	2114.17	0.0	1057.085
los	1448	GCA.001563325.1.Archaea.Asgardarchaeota	2114.17	0.0	1057.085
los	1579	GCA.001940665.1.Archaea.Asgardarchaeota	2507.51	0.0	1253.755
los	1579	1548	2507.51	2412.8450000000003	2460.1775000000002
spe	1548	1548	2412.8450000000003	2412.8450000000003	2412.8450000000003
spe	1591	1591	2538.7349999999997	2538.7349999999997	2538.7349999999997
hgt	1673	1591	2984.585	2538.7349999999997	2761.66
spe	1389	1389	2001.665	2001.665	2001.665
spe	1450	1450	2116.885	2116.885	2116.885
spe	1302	1302	1834.935	1834.935	1834.935
spe	1346	1346	1901.755	1901.755	1901.755
los	1526	1464	2340.985	2144.515	2242.75
spe	1451	1451	2115.7200000000003	2115.7200000000003	2115.7200000000003
spe	1498	1498	2246.95	2246.95	2246.95
spe	1085	1085	1503.255	1503.255	1503.255
spe	1443	1443	2109.385	2109.385	2109.385
spe	1446	1446	2118.02	2118.02	2118.02
spe	1311	1311	1859.245	1859.245	1859.245
spe	1308	1308	1843.005	1843.005	1843.005
spe	1352	1352	1918.545	1918.545	1918.545
spe	1163	1163	1617.1999999999998	1617.1999999999998	1617.1999999999998
los	1346	1158	1901.755	1609.3600000000001	1755.5575000000001
spe	1158	1158	1609.3600000000001	1609.3600000000001	1609.3600000000001
hgt	1346	1158	1901.755	1609.3600000000001	1755.5575000000001
spe	1417	1417	2043.585	2043.585	2043.585
hgt	1464	1417	2144.515	2043.585	2094.05
hgt	1451	GCA.002255045.1.Archaea.Thermoproteota	2115.7200000000003	0.0	1057.8600000000001
spe	1381	1381	1983.8000000000002	1983.8000000000002	1983.8000000000002
spe	1381	1381	1983.8000000000002	1983.8000000000002	1983.8000000000002
hgt	1451	1381	2115.7200000000003	1983.8000000000002	2049.76
los	1498	1293	2246.95	1821.225	2034.0874999999999
spe	1195	1195	1673.05	1673.05	1673.05
spe	1017	1017	1385.2150000000001	1385.2150000000001	1385.2150000000001
los	1443	1247	2109.385	1755.2849999999999	1932.335
los	1446	GCA.002352215.1.Bacteria.Armatimonadota	2118.02	0.0	1059.01
spe	1218	1218	1706.4	1706.4	1706.4
los	1311	1105	1859.245	1535.6950000000002	1697.47
spe	1240	1240	1744.19	1744.19	1744.19
spe	1180	1180	1652.0349999999999	1652.0349999999999	1652.0349999999999
spe	1220	1220	1703.245	1703.245	1703.245
spe	1254	1254	1761.97	1761.97	1761.97
spe	1042	1042	1407.615	1407.615	1407.615
spe	1290	1290	1818.745	1818.745	1818.745
spe	1342	1342	1894.935	1894.935	1894.935
spe	1264	1264	1773.37	1773.37	1773.37
spe	1264	1264	1773.37	1773.37	1773.37
los	1381	GCA.000375685.1.Archaea.Thermoproteota	1983.8000000000002	0.0	991.9000000000001
spe	964	964	1257.45	1257.45	1257.45
spe	1113	1113	1547.68	1547.68	1547.68
hgt	1105	GCA.002011355.1.Archaea.Thermoplasmatota	1535.6950000000002	0.0	767.8475000000001
spe	977	977	1285.8449999999998	1285.8449999999998	1285.8449999999998
hgt	1105	977	1535.6950000000002	1285.8449999999998	1410.77
los	1240	GCA.002497685.1.Archaea.Thermoplasmatota	1744.19	0.0	872.095
hgt	1240	GCA.002497685.1.Archaea.Thermoplasmatota	1744.19	0.0	872.095
spe	1099	1099	1520.155	1520.155	1520.155
los	1180	GCA.002495185.1.Archaea.Thermoplasmatota	1652.0349999999999	0.0	826.0174999999999
spe	1072	1072	1480.9899999999998	1480.9899999999998	1480.9899999999998
spe	1051	1051	1438.885	1438.885	1438.885
spe	1162	1162	1623.1799999999998	1623.1799999999998	1623.1799999999998
los	1042	GCF.000092185.1.Archaea.Thermoproteota	1407.615	0.0	703.8075
hgt	1042	GCF.000092185.1.Archaea.Thermoproteota	1407.615	0.0	703.8075
los	1290	GCA.002255025.1.Archaea.Thermoproteota	1818.745	0.0	909.3725
hgt	1290	GCA.002255025.1.Archaea.Thermoproteota	1818.745	0.0	909.3725
spe	1211	1211	1695.4	1695.4	1695.4
spe	1091	1091	1500.96	1500.96	1500.96
spe	1175	1175	1634.2350000000001	1634.2350000000001	1634.2350000000001
spe	1175	1175	1634.2350000000001	1634.2350000000001	1634.2350000000001
los	1264	1117	1773.37	1545.885	1659.6275
spe	1117	1117	1545.885	1545.885	1545.885
spe	914	914	1058.614	1058.614	1058.614
spe	951	951	1203.2150000000001	1203.2150000000001	1203.2150000000001
los	1113	GCA.002495235.1.Archaea.Thermoplasmatota	1547.68	0.0	773.84
hgt	1113	GCA.002495235.1.Archaea.Thermoplasmatota	1547.68	0.0	773.84
spe	972	972	1280.6399999999999	1280.6399999999999	1280.6399999999999
spe	962	962	1254.4450000000002	1254.4450000000002	1254.4450000000002
spe	1021	1021	1389.9499999999998	1389.9499999999998	1389.9499999999998
spe	1098	1098	1522.7849999999999	1522.7849999999999	1522.7849999999999
spe	1098	1098	1522.7849999999999	1522.7849999999999	1522.7849999999999
hgt	1162	1098	1623.1799999999998	1522.7849999999999	1572.9824999999998
spe	920	920	1076.3105	1076.3105	1076.3105
los	1091	GCA.001273335.1.Archaea.Thermoproteota	1500.96	0.0	750.48
los	1175	880	1634.2350000000001	786.4855	1210.3602500000002
spe	880	880	786.4855	786.4855	786.4855
los	1175	GCA.001510295.1.Archaea.Thermoproteota	1634.2350000000001	0.0	817.1175000000001
los	1117	GCA.000405685.1.Archaea.Thermoproteota	1545.885	0.0	772.9425
los	914	GCA.000315625.1.Eukaryota.Cryptophyceae	1058.614	0.0	529.307
hgt	914	GCA.000315625.1.Eukaryota.Cryptophyceae	1058.614	0.0	529.307
hgt	914	GCA.000315625.1.Eukaryota.Cryptophyceae	1058.614	0.0	529.307
spe	929	929	1138.49	1138.49	1138.49
spe	906	906	1031.0195	1031.0195	1031.0195
hgt	1041	GCF.900142435.1.Bacteria.Aquificota	1416.635	0.0	708.3175
spe	1292	1292	1817.625	1817.625	1817.625
los	962	GCA.001595885.1.Archaea.Thermoplasmatota	1254.4450000000002	0.0	627.2225000000001
los	1098	GCA.002256595.1.Archaea.Halobacteriota	1522.7849999999999	0.0	761.3924999999999
spe	1004	1004	1362.9650000000001	1362.9650000000001	1362.9650000000001
spe	1004	1004	1362.9650000000001	1362.9650000000001	1362.9650000000001
los	920	GCA.001593875.1.Archaea.Thermoproteota	1076.3105	0.0	538.15525
spe	913	913	1074.125	1074.125	1074.125
spe	883	883	815.5625	815.5625	815.5625
spe	889	889	881.825	881.825	881.825
spe	1410	1410	2039.37	2039.37	2039.37
hgt	1432	1410	2080.605	2039.37	2059.9875
los	1004	948	1362.9650000000001	1194.24	1278.6025
spe	948	948	1194.24	1194.24	1194.24
los	1004	GCA.001412335.1.Archaea.Halobacteriota	1362.9650000000001	0.0	681.4825000000001
hgt	913	GCF.000091205.1.Eukaryota.Rhodophyta	1074.125	0.0	537.0625
los	883	GCA.000209225.1.Eukaryota.Cnidaria	815.5625	0.0	407.78125
spe	873	873	570.5515	570.5515	570.5515
los	889	867	881.825	239.787	560.806
spe	1322	1322	1871.67	1871.67	1871.67
spe	1364	1364	1958.955	1958.955	1958.955
spe	1184	1184	1655.535	1655.535	1655.535
spe	1173	1173	1633.475	1633.475	1633.475
los	1364	1341	1958.955	1903.4699999999998	1931.2124999999999
los	1184	GCA.001698445.1.Bacteria.Cyanobacteria	1655.535	0.0	827.7675
hgt	1341	GCF.000317045.1.Bacteria.Cyanobacteria	1903.4699999999998	0.0	951.7349999999999
