event	left node	right node	left date	right date	midpoint date
los	1730	UNSAMPLED	?	0.0	?
los	1730	UNSAMPLED	?	0.0	?
los	1730	UNSAMPLED	?	0.0	?
los	1730	UNSAMPLED	?	0.0	?
los	1730	UNSAMPLED	?	0.0	?
los	1730	UNSAMPLED	?	0.0	?
los	1730	UNSAMPLED	?	0.0	?
los	1730	UNSAMPLED	?	0.0	?
los	1730	UNSAMPLED	?	0.0	?
los	1730	UNSAMPLED	?	0.0	?
los	1730	UNSAMPLED	?	0.0	?
hgt	1730	UNSAMPLED	?	0.0	?
hgt	1730	UNSAMPLED	?	0.0	?
hgt	1730	UNSAMPLED	?	0.0	?
hgt	1730	UNSAMPLED	?	0.0	?
hgt	1730	UNSAMPLED	?	0.0	?
hgt	1730	UNSAMPLED	?	0.0	?
hgt	1730	UNSAMPLED	?	0.0	?
hgt	1730	UNSAMPLED	?	0.0	?
hgt	1707	GCA.001889985.1.Archaea.Micrarchaeota	3263.21	0.0	1631.605
spe	1700	1700	3191.81	3191.81	3191.81
spe	1679	1679	3031.295	3031.295	3031.295
spe	1688	1688	3099.385	3099.385	3099.385
spe	1649	1649	2826.89	2826.89	2826.89
spe	1651	1651	2840.67	2840.67	2840.67
spe	1624	1624	2666.455	2666.455	2666.455
spe	1659	1659	2898.43	2898.43	2898.43
spe	1604	1604	2583.67	2583.67	2583.67
los	1651	1479	2840.67	2196.6349999999998	2518.6525
spe	1479	1479	2196.6349999999998	2196.6349999999998	2196.6349999999998
hgt	1651	1479	2840.67	2196.6349999999998	2518.6525
spe	1620	1620	2642.975	2642.975	2642.975
spe	868	868	482.601	482.601	482.601
spe	1502	1502	2249.94	2249.94	2249.94
spe	1633	1633	2719.62	2719.62	2719.62
spe	1629	1629	2700.3950000000004	2700.3950000000004	2700.3950000000004
los	1604	GCA.001564035.1.Archaea.Nanohaloarchaeota	2583.67	0.0	1291.835
hgt	1604	GCA.001564035.1.Archaea.Nanohaloarchaeota	2583.67	0.0	1291.835
spe	1522	1522	2328.89	2328.89	2328.89
spe	1554	1554	2424.485	2424.485	2424.485
dup	868	GCA.002083985.1.Archaea.Altiarchaeota	482.601	0.0	241.3005
hgt	868	GCA.002083985.1.Archaea.Altiarchaeota	482.601	0.0	241.3005
hgt	868	GCA.002083985.1.Archaea.Altiarchaeota	482.601	0.0	241.3005
los	1502	1244	2249.94	1749.9099999999999	1999.925
spe	1574	1574	2491.15	2491.15	2491.15
los	1633	1626	2719.62	2684.395	2702.0074999999997
spe	1595	1595	2557.41	2557.41	2557.41
spe	1608	1608	2596.565	2596.565	2596.565
spe	1407	1407	2026.93	2026.93	2026.93
spe	1382	1382	1991.6750000000002	1991.6750000000002	1991.6750000000002
spe	1474	1474	2178.965	2178.965	2178.965
spe	1490	1490	2226.5299999999997	2226.5299999999997	2226.5299999999997
spe	1442	1442	2097.27	2097.27	2097.27
spe	1585	1585	2518.6800000000003	2518.6800000000003	2518.6800000000003
hgt	1626	1585	2684.395	2518.6800000000003	2601.5375000000004
los	1595	GCF.000019605.1.Archaea.Thermoproteota	2557.41	0.0	1278.705
hgt	1595	GCF.000019605.1.Archaea.Thermoproteota	2557.41	0.0	1278.705
hgt	1595	GCF.000019605.1.Archaea.Thermoproteota	2557.41	0.0	1278.705
spe	1562	1562	2461.325	2461.325	2461.325
los	1608	1448	2596.565	2114.17	2355.3675000000003
spe	1579	1579	2507.51	2507.51	2507.51
los	1407	GCA.002779595.1.Archaea.Nanoarchaeota	2026.93	0.0	1013.465
hgt	1407	GCA.002779595.1.Archaea.Nanoarchaeota	2026.93	0.0	1013.465
los	1382	GCA.002505525.1.Archaea.Nanoarchaeota	1991.6750000000002	0.0	995.8375000000001
los	1474	GCA.002789275.1.Archaea.Huberarchaeota	2178.965	0.0	1089.4825
los	1490	GCF.002201895.1.Archaea.Euryarchaeota	2226.5299999999997	0.0	1113.2649999999999
hgt	1490	GCF.002201895.1.Archaea.Euryarchaeota	2226.5299999999997	0.0	1113.2649999999999
hgt	1497	GCA.003230355.1.Archaea.Hydrothermarchaeota	2229.015	0.0	1114.5075
hgt	1497	GCA.002502135.1.Archaea.Undinarchaeota	2229.015	0.0	1114.5075
dup	1585	GCF.000025525.1.Archaea.Methanobacteriota.A	2518.6800000000003	0.0	1259.3400000000001
dup	1585	GCF.000025525.1.Archaea.Methanobacteriota.A	2518.6800000000003	0.0	1259.3400000000001
spe	1546	1546	2403.395	2403.395	2403.395
spe	1483	1483	2207.27	2207.27	2207.27
spe	1526	1526	2340.985	2340.985	2340.985
hgt	1448	GCA.001563325.1.Archaea.Asgardarchaeota	2114.17	0.0	1057.085
los	1579	GCA.001940665.1.Archaea.Asgardarchaeota	2507.51	0.0	1253.755
spe	1548	1548	2412.8450000000003	2412.8450000000003	2412.8450000000003
spe	1389	1389	2001.665	2001.665	2001.665
spe	1450	1450	2116.885	2116.885	2116.885
spe	1302	1302	1834.935	1834.935	1834.935
spe	1346	1346	1901.755	1901.755	1901.755
spe	1464	1464	2144.515	2144.515	2144.515
spe	1451	1451	2115.7200000000003	2115.7200000000003	2115.7200000000003
spe	1498	1498	2246.95	2246.95	2246.95
dup	1548	1085	2412.8450000000003	1503.255	1958.0500000000002
dup	1548	1085	2412.8450000000003	1503.255	1958.0500000000002
dup	1548	1085	2412.8450000000003	1503.255	1958.0500000000002
dup	1548	1085	2412.8450000000003	1503.255	1958.0500000000002
dup	1548	1085	2412.8450000000003	1503.255	1958.0500000000002
spe	1085	1085	1503.255	1503.255	1503.255
spe	1085	1085	1503.255	1503.255	1503.255
spe	1085	1085	1503.255	1503.255	1503.255
spe	1085	1085	1503.255	1503.255	1503.255
spe	1085	1085	1503.255	1503.255	1503.255
spe	1085	1085	1503.255	1503.255	1503.255
spe	1311	1311	1859.245	1859.245	1859.245
spe	1308	1308	1843.005	1843.005	1843.005
spe	1352	1352	1918.545	1918.545	1918.545
spe	1163	1163	1617.1999999999998	1617.1999999999998	1617.1999999999998
los	1302	GCA.002254745.1.Archaea.Thermoproteota	1834.935	0.0	917.4675
spe	1158	1158	1609.3600000000001	1609.3600000000001	1609.3600000000001
los	1464	GCA.002495485.1.Archaea.Thermoproteota	2144.515	0.0	1072.2575
hgt	1464	GCA.002495485.1.Archaea.Thermoproteota	2144.515	0.0	1072.2575
hgt	1464	GCA.002495485.1.Archaea.Thermoproteota	2144.515	0.0	1072.2575
spe	1417	1417	2043.585	2043.585	2043.585
spe	1381	1381	1983.8000000000002	1983.8000000000002	1983.8000000000002
spe	1293	1293	1821.225	1821.225	1821.225
spe	1195	1195	1673.05	1673.05	1673.05
dup	1085	1017	1503.255	1385.2150000000001	1444.2350000000001
spe	1017	1017	1385.2150000000001	1385.2150000000001	1385.2150000000001
spe	1017	1017	1385.2150000000001	1385.2150000000001	1385.2150000000001
spe	1017	1017	1385.2150000000001	1385.2150000000001	1385.2150000000001
spe	1017	1017	1385.2150000000001	1385.2150000000001	1385.2150000000001
spe	1017	1017	1385.2150000000001	1385.2150000000001	1385.2150000000001
spe	1017	1017	1385.2150000000001	1385.2150000000001	1385.2150000000001
spe	1017	1017	1385.2150000000001	1385.2150000000001	1385.2150000000001
hgt	1085	GCA.000002435.2.Eukaryota.Fornicata	1503.255	0.0	751.6275
spe	1218	1218	1706.4	1706.4	1706.4
spe	1105	1105	1535.6950000000002	1535.6950000000002	1535.6950000000002
spe	1240	1240	1744.19	1744.19	1744.19
spe	1180	1180	1652.0349999999999	1652.0349999999999	1652.0349999999999
spe	1220	1220	1703.245	1703.245	1703.245
spe	1254	1254	1761.97	1761.97	1761.97
spe	1042	1042	1407.615	1407.615	1407.615
los	1158	GCA.001717025.1.Archaea.Thermoproteota	1609.3600000000001	0.0	804.6800000000001
hgt	1158	GCA.001717025.1.Archaea.Thermoproteota	1609.3600000000001	0.0	804.6800000000001
spe	1290	1290	1818.745	1818.745	1818.745
spe	1342	1342	1894.935	1894.935	1894.935
los	1381	1264	1983.8000000000002	1773.37	1878.585
spe	1264	1264	1773.37	1773.37	1773.37
hgt	1381	1264	1983.8000000000002	1773.37	1878.585
los	1195	GCA.003144275.1.Archaea.Asgardarchaeota	1673.05	0.0	836.525
hgt	1017	GCA.000189635.1.Eukaryota.Ciliophora	1385.2150000000001	0.0	692.6075000000001
hgt	1017	GCA.000189635.1.Eukaryota.Ciliophora	1385.2150000000001	0.0	692.6075000000001
spe	964	964	1257.45	1257.45	1257.45
spe	964	964	1257.45	1257.45	1257.45
spe	964	964	1257.45	1257.45	1257.45
spe	964	964	1257.45	1257.45	1257.45
spe	964	964	1257.45	1257.45	1257.45
spe	964	964	1257.45	1257.45	1257.45
spe	964	964	1257.45	1257.45	1257.45
spe	964	964	1257.45	1257.45	1257.45
hgt	1017	964	1385.2150000000001	1257.45	1321.3325
spe	1113	1113	1547.68	1547.68	1547.68
los	1105	977	1535.6950000000002	1285.8449999999998	1410.77
los	1240	GCA.002497685.1.Archaea.Thermoplasmatota	1744.19	0.0	872.095
spe	1099	1099	1520.155	1520.155	1520.155
spe	1072	1072	1480.9899999999998	1480.9899999999998	1480.9899999999998
los	1220	GCF.000194625.1.Archaea.Halobacteriota	1703.245	0.0	851.6225
spe	1051	1051	1438.885	1438.885	1438.885
spe	1162	1162	1623.1799999999998	1623.1799999999998	1623.1799999999998
spe	1162	1162	1623.1799999999998	1623.1799999999998	1623.1799999999998
hgt	1254	1162	1761.97	1623.1799999999998	1692.5749999999998
los	1042	GCF.000092185.1.Archaea.Thermoproteota	1407.615	0.0	703.8075
hgt	1042	GCF.000092185.1.Archaea.Thermoproteota	1407.615	0.0	703.8075
los	1290	GCA.002255025.1.Archaea.Thermoproteota	1818.745	0.0	909.3725
spe	1211	1211	1695.4	1695.4	1695.4
los	1342	1091	1894.935	1500.96	1697.9475
spe	1175	1175	1634.2350000000001	1634.2350000000001	1634.2350000000001
spe	1117	1117	1545.885	1545.885	1545.885
los	964	914	1257.45	1058.614	1158.0320000000002
los	964	914	1257.45	1058.614	1158.0320000000002
spe	914	914	1058.614	1058.614	1058.614
spe	914	914	1058.614	1058.614	1058.614
spe	914	914	1058.614	1058.614	1058.614
spe	914	914	1058.614	1058.614	1058.614
spe	914	914	1058.614	1058.614	1058.614
spe	914	914	1058.614	1058.614	1058.614
spe	951	951	1203.2150000000001	1203.2150000000001	1203.2150000000001
spe	951	951	1203.2150000000001	1203.2150000000001	1203.2150000000001
spe	951	951	1203.2150000000001	1203.2150000000001	1203.2150000000001
spe	951	951	1203.2150000000001	1203.2150000000001	1203.2150000000001
spe	951	951	1203.2150000000001	1203.2150000000001	1203.2150000000001
spe	951	951	1203.2150000000001	1203.2150000000001	1203.2150000000001
spe	951	951	1203.2150000000001	1203.2150000000001	1203.2150000000001
spe	951	951	1203.2150000000001	1203.2150000000001	1203.2150000000001
spe	951	951	1203.2150000000001	1203.2150000000001	1203.2150000000001
hgt	964	951	1257.45	1203.2150000000001	1230.3325
los	1113	GCA.002495235.1.Archaea.Thermoplasmatota	1547.68	0.0	773.84
spe	972	972	1280.6399999999999	1280.6399999999999	1280.6399999999999
spe	962	962	1254.4450000000002	1254.4450000000002	1254.4450000000002
los	1162	1021	1623.1799999999998	1389.9499999999998	1506.5649999999998
spe	1021	1021	1389.9499999999998	1389.9499999999998	1389.9499999999998
spe	1098	1098	1522.7849999999999	1522.7849999999999	1522.7849999999999
spe	1098	1098	1522.7849999999999	1522.7849999999999	1522.7849999999999
spe	920	920	1076.3105	1076.3105	1076.3105
spe	880	880	786.4855	786.4855	786.4855
los	1117	GCA.002506605.1.Archaea.Thermoproteota	1545.885	0.0	772.9425
hgt	1117	GCA.002506605.1.Archaea.Thermoproteota	1545.885	0.0	772.9425
los	914	GCA.000315625.1.Eukaryota.Cryptophyceae	1058.614	0.0	529.307
los	914	GCA.000315625.1.Eukaryota.Cryptophyceae	1058.614	0.0	529.307
los	914	GCA.000315625.1.Eukaryota.Cryptophyceae	1058.614	0.0	529.307
los	914	GCA.000315625.1.Eukaryota.Cryptophyceae	1058.614	0.0	529.307
los	914	GCA.000315625.1.Eukaryota.Cryptophyceae	1058.614	0.0	529.307
los	914	GCA.000315625.1.Eukaryota.Cryptophyceae	1058.614	0.0	529.307
hgt	914	GCA.000315625.1.Eukaryota.Cryptophyceae	1058.614	0.0	529.307
hgt	914	GCA.000315625.1.Eukaryota.Cryptophyceae	1058.614	0.0	529.307
hgt	914	GCA.000315625.1.Eukaryota.Cryptophyceae	1058.614	0.0	529.307
hgt	914	GCA.000315625.1.Eukaryota.Cryptophyceae	1058.614	0.0	529.307
los	951	929	1203.2150000000001	1138.49	1170.8525
spe	929	929	1138.49	1138.49	1138.49
spe	929	929	1138.49	1138.49	1138.49
spe	929	929	1138.49	1138.49	1138.49
spe	929	929	1138.49	1138.49	1138.49
spe	929	929	1138.49	1138.49	1138.49
spe	929	929	1138.49	1138.49	1138.49
spe	929	929	1138.49	1138.49	1138.49
spe	929	929	1138.49	1138.49	1138.49
los	951	906	1203.2150000000001	1031.0195	1117.1172500000002
spe	906	906	1031.0195	1031.0195	1031.0195
spe	906	906	1031.0195	1031.0195	1031.0195
spe	906	906	1031.0195	1031.0195	1031.0195
spe	906	906	1031.0195	1031.0195	1031.0195
spe	906	906	1031.0195	1031.0195	1031.0195
spe	906	906	1031.0195	1031.0195	1031.0195
spe	906	906	1031.0195	1031.0195	1031.0195
spe	906	906	1031.0195	1031.0195	1031.0195
hgt	972	GCA.002878135.1.Archaea.Thermoplasmatota	1280.6399999999999	0.0	640.3199999999999
los	962	GCA.001595885.1.Archaea.Thermoplasmatota	1254.4450000000002	0.0	627.2225000000001
los	1021	GCF.002114285.1.Archaea.Halobacteriota	1389.9499999999998	0.0	694.9749999999999
los	1098	GCA.002256595.1.Archaea.Halobacteriota	1522.7849999999999	0.0	761.3924999999999
los	1098	1004	1522.7849999999999	1362.9650000000001	1442.875
spe	1004	1004	1362.9650000000001	1362.9650000000001	1362.9650000000001
dup	880	GCA.002011085.1.Archaea.Thermoproteota	786.4855	0.0	393.24275
hgt	929	GCA.015473125.1.Eukaryota.Viridiplantae	1138.49	0.0	569.245
los	929	913	1138.49	1074.125	1106.3075
spe	913	913	1074.125	1074.125	1074.125
spe	913	913	1074.125	1074.125	1074.125
spe	913	913	1074.125	1074.125	1074.125
spe	913	913	1074.125	1074.125	1074.125
spe	913	913	1074.125	1074.125	1074.125
spe	913	913	1074.125	1074.125	1074.125
spe	913	913	1074.125	1074.125	1074.125
dup	906	GCA.000004985.1.Eukaryota.Heterolobosea	1031.0195	0.0	515.50975
los	906	GCA.000004985.1.Eukaryota.Heterolobosea	1031.0195	0.0	515.50975
los	906	GCA.000004985.1.Eukaryota.Heterolobosea	1031.0195	0.0	515.50975
los	906	GCA.000004985.1.Eukaryota.Heterolobosea	1031.0195	0.0	515.50975
los	906	GCA.000004985.1.Eukaryota.Heterolobosea	1031.0195	0.0	515.50975
los	906	GCA.000004985.1.Eukaryota.Heterolobosea	1031.0195	0.0	515.50975
hgt	906	GCA.000004985.1.Eukaryota.Heterolobosea	1031.0195	0.0	515.50975
hgt	906	GCA.000004985.1.Eukaryota.Heterolobosea	1031.0195	0.0	515.50975
los	906	883	1031.0195	815.5625	923.291
spe	883	883	815.5625	815.5625	815.5625
spe	883	883	815.5625	815.5625	815.5625
spe	883	883	815.5625	815.5625	815.5625
spe	883	883	815.5625	815.5625	815.5625
spe	883	883	815.5625	815.5625	815.5625
spe	883	883	815.5625	815.5625	815.5625
spe	883	883	815.5625	815.5625	815.5625
spe	883	883	815.5625	815.5625	815.5625
hgt	906	883	1031.0195	815.5625	923.291
spe	948	948	1194.24	1194.24	1194.24
hgt	913	GCF.000091205.1.Eukaryota.Rhodophyta	1074.125	0.0	537.0625
los	913	GCA.002049455.2.Eukaryota.Rhodophyta	1074.125	0.0	537.0625
los	913	GCA.002049455.2.Eukaryota.Rhodophyta	1074.125	0.0	537.0625
los	913	GCA.002049455.2.Eukaryota.Rhodophyta	1074.125	0.0	537.0625
los	913	GCA.002049455.2.Eukaryota.Rhodophyta	1074.125	0.0	537.0625
los	913	GCA.002049455.2.Eukaryota.Rhodophyta	1074.125	0.0	537.0625
los	883	GCA.000209225.1.Eukaryota.Cnidaria	815.5625	0.0	407.78125
los	883	GCA.000209225.1.Eukaryota.Cnidaria	815.5625	0.0	407.78125
los	883	GCA.000209225.1.Eukaryota.Cnidaria	815.5625	0.0	407.78125
spe	873	873	570.5515	570.5515	570.5515
spe	873	873	570.5515	570.5515	570.5515
spe	873	873	570.5515	570.5515	570.5515
spe	873	873	570.5515	570.5515	570.5515
spe	873	873	570.5515	570.5515	570.5515
spe	873	873	570.5515	570.5515	570.5515
spe	873	873	570.5515	570.5515	570.5515
spe	873	873	570.5515	570.5515	570.5515
los	873	GCA.000188695.1.Eukaryota.Choanoflagellata	570.5515	0.0	285.27575
