event	left node	right node	left date	right date	midpoint date
los	1730	UNSAMPLED	?	0.0	?
los	1730	UNSAMPLED	?	0.0	?
los	1730	UNSAMPLED	?	0.0	?
los	1730	UNSAMPLED	?	0.0	?
los	1730	UNSAMPLED	?	0.0	?
los	1730	UNSAMPLED	?	0.0	?
los	1730	UNSAMPLED	?	0.0	?
los	1730	UNSAMPLED	?	0.0	?
los	1730	UNSAMPLED	?	0.0	?
los	1730	UNSAMPLED	?	0.0	?
hgt	1730	UNSAMPLED	?	0.0	?
hgt	1730	UNSAMPLED	?	0.0	?
hgt	1730	UNSAMPLED	?	0.0	?
hgt	1730	UNSAMPLED	?	0.0	?
hgt	1730	UNSAMPLED	?	0.0	?
hgt	1730	UNSAMPLED	?	0.0	?
hgt	1730	UNSAMPLED	?	0.0	?
hgt	1730	UNSAMPLED	?	0.0	?
hgt	1730	UNSAMPLED	?	0.0	?
hgt	1730	UNSAMPLED	?	0.0	?
hgt	1730	UNSAMPLED	?	0.0	?
spe	1700	1700	3191.81	3191.81	3191.81
spe	1679	1679	3031.295	3031.295	3031.295
spe	1688	1688	3099.385	3099.385	3099.385
spe	1649	1649	2826.89	2826.89	2826.89
spe	1651	1651	2840.67	2840.67	2840.67
spe	1624	1624	2666.455	2666.455	2666.455
spe	1659	1659	2898.43	2898.43	2898.43
los	1649	1604	2826.89	2583.67	2705.2799999999997
spe	1479	1479	2196.6349999999998	2196.6349999999998	2196.6349999999998
spe	1620	1620	2642.975	2642.975	2642.975
spe	868	868	482.601	482.601	482.601
spe	1502	1502	2249.94	2249.94	2249.94
spe	1633	1633	2719.62	2719.62	2719.62
spe	1633	1633	2719.62	2719.62	2719.62
hgt	1659	1633	2898.43	2719.62	2809.0249999999996
los	1659	1629	2898.43	2700.3950000000004	2799.4125000000004
hgt	1604	GCA.002254415.1.Archaea.EX4484.52	2583.67	0.0	1291.835
spe	1522	1522	2328.89	2328.89	2328.89
spe	1554	1554	2424.485	2424.485	2424.485
hgt	868	GCA.002841105.1.Archaea.Altiarchaeota	482.601	0.0	241.3005
spe	1244	1244	1749.9099999999999	1749.9099999999999	1749.9099999999999
spe	1574	1574	2491.15	2491.15	2491.15
spe	1574	1574	2491.15	2491.15	2491.15
spe	1626	1626	2684.395	2684.395	2684.395
spe	1626	1626	2684.395	2684.395	2684.395
spe	1595	1595	2557.41	2557.41	2557.41
hgt	1629	1595	2700.3950000000004	2557.41	2628.9025
spe	1407	1407	2026.93	2026.93	2026.93
spe	1382	1382	1991.6750000000002	1991.6750000000002	1991.6750000000002
spe	1474	1474	2178.965	2178.965	2178.965
spe	1490	1490	2226.5299999999997	2226.5299999999997	2226.5299999999997
spe	1490	1490	2226.5299999999997	2226.5299999999997	2226.5299999999997
spe	1442	1442	2097.27	2097.27	2097.27
spe	1442	1442	2097.27	2097.27	2097.27
spe	1497	1497	2229.015	2229.015	2229.015
spe	1497	1497	2229.015	2229.015	2229.015
los	1626	1585	2684.395	2518.6800000000003	2601.5375000000004
spe	1585	1585	2518.6800000000003	2518.6800000000003	2518.6800000000003
spe	1562	1562	2461.325	2461.325	2461.325
los	1407	GCA.002779595.1.Archaea.Nanoarchaeota	2026.93	0.0	1013.465
los	1474	GCA.002789275.1.Archaea.Huberarchaeota	2178.965	0.0	1089.4825
hgt	1474	GCA.002789275.1.Archaea.Huberarchaeota	2178.965	0.0	1089.4825
los	1490	GCF.002201895.1.Archaea.Euryarchaeota	2226.5299999999997	0.0	1113.2649999999999
los	1490	GCA.001587715.1.Archaea.Methanobacteriota.B	2226.5299999999997	0.0	1113.2649999999999
los	1442	GCF.002214485.1.Archaea.Methanobacteriota.B	2097.27	0.0	1048.635
los	1442	GCA.001515205.2.Archaea.Hadarchaeota	2097.27	0.0	1048.635
los	1497	GCA.003230355.1.Archaea.Hydrothermarchaeota	2229.015	0.0	1114.5075
los	1497	GCA.002502135.1.Archaea.Undinarchaeota	2229.015	0.0	1114.5075
spe	1546	1546	2403.395	2403.395	2403.395
spe	1483	1483	2207.27	2207.27	2207.27
spe	1526	1526	2340.985	2340.985	2340.985
hgt	1448	GCA.001940655.1.Archaea.Asgardarchaeota	2114.17	0.0	1057.085
hgt	1579	GCA.001940665.1.Archaea.Asgardarchaeota	2507.51	0.0	1253.755
spe	1389	1389	2001.665	2001.665	2001.665
spe	1450	1450	2116.885	2116.885	2116.885
spe	1302	1302	1834.935	1834.935	1834.935
spe	1346	1346	1901.755	1901.755	1901.755
spe	1464	1464	2144.515	2144.515	2144.515
spe	1451	1451	2115.7200000000003	2115.7200000000003	2115.7200000000003
spe	1311	1311	1859.245	1859.245	1859.245
spe	1308	1308	1843.005	1843.005	1843.005
spe	1352	1352	1918.545	1918.545	1918.545
spe	1163	1163	1617.1999999999998	1617.1999999999998	1617.1999999999998
hgt	1346	GCF.000148385.1.Archaea.Thermoproteota	1901.755	0.0	950.8775
spe	1158	1158	1609.3600000000001	1609.3600000000001	1609.3600000000001
los	1464	GCA.002495485.1.Archaea.Thermoproteota	2144.515	0.0	1072.2575
spe	1417	1417	2043.585	2043.585	2043.585
spe	1381	1381	1983.8000000000002	1983.8000000000002	1983.8000000000002
spe	1293	1293	1821.225	1821.225	1821.225
hgt	1498	1293	2246.95	1821.225	2034.0874999999999
spe	1195	1195	1673.05	1673.05	1673.05
hgt	1498	1195	2246.95	1673.05	1960.0
dup	1085	1017	1503.255	1385.2150000000001	1444.2350000000001
spe	1017	1017	1385.2150000000001	1385.2150000000001	1385.2150000000001
spe	1017	1017	1385.2150000000001	1385.2150000000001	1385.2150000000001
hgt	1085	1017	1503.255	1385.2150000000001	1444.2350000000001
los	1311	1218	1859.245	1706.4	1782.8225
spe	1105	1105	1535.6950000000002	1535.6950000000002	1535.6950000000002
spe	1240	1240	1744.19	1744.19	1744.19
spe	1180	1180	1652.0349999999999	1652.0349999999999	1652.0349999999999
spe	1220	1220	1703.245	1703.245	1703.245
spe	1254	1254	1761.97	1761.97	1761.97
spe	1042	1042	1407.615	1407.615	1407.615
dup	1158	GCA.001717025.1.Archaea.Thermoproteota	1609.3600000000001	0.0	804.6800000000001
spe	1290	1290	1818.745	1818.745	1818.745
spe	1342	1342	1894.935	1894.935	1894.935
spe	1264	1264	1773.37	1773.37	1773.37
spe	1264	1264	1773.37	1773.37	1773.37
hgt	1381	1264	1983.8000000000002	1773.37	1878.585
los	1381	GCA.000375685.1.Archaea.Thermoproteota	1983.8000000000002	0.0	991.9000000000001
spe	964	964	1257.45	1257.45	1257.45
spe	964	964	1257.45	1257.45	1257.45
spe	977	977	1285.8449999999998	1285.8449999999998	1285.8449999999998
spe	1099	1099	1520.155	1520.155	1520.155
spe	1072	1072	1480.9899999999998	1480.9899999999998	1480.9899999999998
spe	1051	1051	1438.885	1438.885	1438.885
spe	1162	1162	1623.1799999999998	1623.1799999999998	1623.1799999999998
los	1290	GCA.002255025.1.Archaea.Thermoproteota	1818.745	0.0	909.3725
hgt	1290	GCA.002255025.1.Archaea.Thermoproteota	1818.745	0.0	909.3725
spe	1211	1211	1695.4	1695.4	1695.4
spe	1091	1091	1500.96	1500.96	1500.96
spe	1175	1175	1634.2350000000001	1634.2350000000001	1634.2350000000001
spe	1175	1175	1634.2350000000001	1634.2350000000001	1634.2350000000001
spe	1117	1117	1545.885	1545.885	1545.885
spe	1117	1117	1545.885	1545.885	1545.885
spe	914	914	1058.614	1058.614	1058.614
spe	914	914	1058.614	1058.614	1058.614
los	964	951	1257.45	1203.2150000000001	1230.3325
spe	951	951	1203.2150000000001	1203.2150000000001	1203.2150000000001
hgt	1113	GCA.002494765.1.Archaea.Thermoplasmatota	1547.68	0.0	773.84
los	977	GCA.002502685.1.Archaea.Thermoplasmatota	1285.8449999999998	0.0	642.9224999999999
hgt	977	GCA.002502685.1.Archaea.Thermoplasmatota	1285.8449999999998	0.0	642.9224999999999
hgt	977	GCA.001595945.1.Archaea.Thermoplasmatota	1285.8449999999998	0.0	642.9224999999999
spe	972	972	1280.6399999999999	1280.6399999999999	1280.6399999999999
los	1072	962	1480.9899999999998	1254.4450000000002	1367.7175
dup	1072	GCA.001421185.1.Archaea.Thermoplasmatota	1480.9899999999998	0.0	740.4949999999999
dup	1072	GCA.001421185.1.Archaea.Thermoplasmatota	1480.9899999999998	0.0	740.4949999999999
los	1051	GCA.001766825.1.Archaea.Halobacteriota	1438.885	0.0	719.4425
hgt	1051	GCA.001766825.1.Archaea.Halobacteriota	1438.885	0.0	719.4425
los	1162	1021	1623.1799999999998	1389.9499999999998	1506.5649999999998
spe	1098	1098	1522.7849999999999	1522.7849999999999	1522.7849999999999
los	1211	920	1695.4	1076.3105	1385.85525
spe	920	920	1076.3105	1076.3105	1076.3105
hgt	1211	920	1695.4	1076.3105	1385.85525
hgt	1211	GCA.001593855.1.Archaea.Thermoproteota	1695.4	0.0	847.7
los	1091	GCA.001775995.1.Archaea.Thermoproteota	1500.96	0.0	750.48
los	1175	880	1634.2350000000001	786.4855	1210.3602500000002
spe	880	880	786.4855	786.4855	786.4855
los	1175	GCA.001510295.1.Archaea.Thermoproteota	1634.2350000000001	0.0	817.1175000000001
los	1117	GCA.002506605.1.Archaea.Thermoproteota	1545.885	0.0	772.9425
los	1117	GCA.000405685.1.Archaea.Thermoproteota	1545.885	0.0	772.9425
los	914	GCF.000165345.1.Eukaryota.Apicocomplexa	1058.614	0.0	529.307
hgt	914	GCF.000165345.1.Eukaryota.Apicocomplexa	1058.614	0.0	529.307
spe	929	929	1138.49	1138.49	1138.49
spe	906	906	1031.0195	1031.0195	1031.0195
dup	972	GCA.002878135.1.Archaea.Thermoplasmatota	1280.6399999999999	0.0	640.3199999999999
los	972	GCA.002011395.1.Archaea.Thermoplasmatota	1280.6399999999999	0.0	640.3199999999999
hgt	962	GCA.001595885.1.Archaea.Thermoplasmatota	1254.4450000000002	0.0	627.2225000000001
dup	1021	GCF.002114285.1.Archaea.Halobacteriota	1389.9499999999998	0.0	694.9749999999999
hgt	1021	GCF.002114285.1.Archaea.Halobacteriota	1389.9499999999998	0.0	694.9749999999999
hgt	1021	GCA.003158275.1.Archaea.Halobacteriota	1389.9499999999998	0.0	694.9749999999999
spe	1004	1004	1362.9650000000001	1362.9650000000001	1362.9650000000001
los	929	GCA.015473125.1.Eukaryota.Viridiplantae	1138.49	0.0	569.245
hgt	929	GCA.015473125.1.Eukaryota.Viridiplantae	1138.49	0.0	569.245
hgt	929	GCA.015473125.1.Eukaryota.Viridiplantae	1138.49	0.0	569.245
spe	913	913	1074.125	1074.125	1074.125
spe	883	883	815.5625	815.5625	815.5625
spe	948	948	1194.24	1194.24	1194.24
los	1004	GCA.001412335.1.Archaea.Halobacteriota	1362.9650000000001	0.0	681.4825000000001
hgt	1004	GCA.001412335.1.Archaea.Halobacteriota	1362.9650000000001	0.0	681.4825000000001
los	913	GCF.000091205.1.Eukaryota.Rhodophyta	1074.125	0.0	537.0625
hgt	913	GCF.000091205.1.Eukaryota.Rhodophyta	1074.125	0.0	537.0625
spe	873	873	570.5515	570.5515	570.5515
spe	873	873	570.5515	570.5515	570.5515
hgt	883	873	815.5625	570.5515	693.057
dup	948	GCF.000970205.1.Archaea.Halobacteriota	1194.24	0.0	597.12
dup	948	GCF.000970205.1.Archaea.Halobacteriota	1194.24	0.0	597.12
dup	948	GCF.000011005.1.Archaea.Euryarchaeota	1194.24	0.0	597.12
los	948	GCF.000011005.1.Archaea.Euryarchaeota	1194.24	0.0	597.12
hgt	948	GCF.000011005.1.Archaea.Euryarchaeota	1194.24	0.0	597.12
los	873	GCA.000188695.1.Eukaryota.Choanoflagellata	570.5515	0.0	285.27575
