event	left node	right node	left date	right date	midpoint date
los	1730	UNSAMPLED	?	0.0	?
los	1730	UNSAMPLED	?	0.0	?
los	1730	UNSAMPLED	?	0.0	?
los	1730	UNSAMPLED	?	0.0	?
los	1730	UNSAMPLED	?	0.0	?
los	1730	UNSAMPLED	?	0.0	?
los	1730	UNSAMPLED	?	0.0	?
los	1730	UNSAMPLED	?	0.0	?
los	1730	UNSAMPLED	?	0.0	?
los	1730	UNSAMPLED	?	0.0	?
los	1730	UNSAMPLED	?	0.0	?
los	1730	UNSAMPLED	?	0.0	?
hgt	1730	UNSAMPLED	?	0.0	?
hgt	1730	UNSAMPLED	?	0.0	?
hgt	1730	UNSAMPLED	?	0.0	?
hgt	1730	UNSAMPLED	?	0.0	?
hgt	1730	UNSAMPLED	?	0.0	?
hgt	1730	UNSAMPLED	?	0.0	?
hgt	1730	UNSAMPLED	?	0.0	?
hgt	1707	GCA.001889985.1.Archaea.Micrarchaeota	3263.21	0.0	1631.605
spe	1700	1700	3191.81	3191.81	3191.81
spe	1679	1679	3031.295	3031.295	3031.295
spe	1688	1688	3099.385	3099.385	3099.385
spe	1649	1649	2826.89	2826.89	2826.89
spe	1651	1651	2840.67	2840.67	2840.67
spe	1624	1624	2666.455	2666.455	2666.455
dup	1688	1659	3099.385	2898.43	2998.9075000000003
spe	1659	1659	2898.43	2898.43	2898.43
spe	1659	1659	2898.43	2898.43	2898.43
spe	1604	1604	2583.67	2583.67	2583.67
spe	1479	1479	2196.6349999999998	2196.6349999999998	2196.6349999999998
spe	1620	1620	2642.975	2642.975	2642.975
los	1624	868	2666.455	482.601	1574.528
spe	1502	1502	2249.94	2249.94	2249.94
spe	1633	1633	2719.62	2719.62	2719.62
spe	1633	1633	2719.62	2719.62	2719.62
spe	1629	1629	2700.3950000000004	2700.3950000000004	2700.3950000000004
spe	1629	1629	2700.3950000000004	2700.3950000000004	2700.3950000000004
los	1604	GCA.001564035.1.Archaea.Nanohaloarchaeota	2583.67	0.0	1291.835
hgt	1604	GCA.001564035.1.Archaea.Nanohaloarchaeota	2583.67	0.0	1291.835
los	1479	GCA.002779075.1.Archaea.Iainarchaeota	2196.6349999999998	0.0	1098.3174999999999
hgt	1479	GCA.002779075.1.Archaea.Iainarchaeota	2196.6349999999998	0.0	1098.3174999999999
hgt	1479	GCA.002779075.1.Archaea.Iainarchaeota	2196.6349999999998	0.0	1098.3174999999999
spe	1522	1522	2328.89	2328.89	2328.89
los	1620	1554	2642.975	2424.485	2533.73
hgt	868	GCA.002841105.1.Archaea.Altiarchaeota	482.601	0.0	241.3005
spe	1244	1244	1749.9099999999999	1749.9099999999999	1749.9099999999999
los	1502	GCA.001723855.1.Archaea.Altiarchaeota	2249.94	0.0	1124.97
spe	1574	1574	2491.15	2491.15	2491.15
spe	1574	1574	2491.15	2491.15	2491.15
los	1633	1626	2719.62	2684.395	2702.0074999999997
spe	1626	1626	2684.395	2684.395	2684.395
spe	1595	1595	2557.41	2557.41	2557.41
spe	1595	1595	2557.41	2557.41	2557.41
spe	1608	1608	2596.565	2596.565	2596.565
spe	1608	1608	2596.565	2596.565	2596.565
spe	1407	1407	2026.93	2026.93	2026.93
los	1522	GCA.002412085.1.Archaea.Nanoarchaeota	2328.89	0.0	1164.445
los	1574	1490	2491.15	2226.5299999999997	2358.84
spe	1490	1490	2226.5299999999997	2226.5299999999997	2226.5299999999997
hgt	1574	1490	2491.15	2226.5299999999997	2358.84
los	1574	1442	2491.15	2097.27	2294.21
spe	1442	1442	2097.27	2097.27	2097.27
spe	1497	1497	2229.015	2229.015	2229.015
spe	1585	1585	2518.6800000000003	2518.6800000000003	2518.6800000000003
los	1595	GCF.000019605.1.Archaea.Thermoproteota	2557.41	0.0	1278.705
hgt	1595	GCF.000019605.1.Archaea.Thermoproteota	2557.41	0.0	1278.705
los	1595	1562	2557.41	2461.325	2509.3675
spe	1562	1562	2461.325	2461.325	2461.325
los	1608	1448	2596.565	2114.17	2355.3675000000003
spe	1448	1448	2114.17	2114.17	2114.17
los	1608	1579	2596.565	2507.51	2552.0375000000004
spe	1579	1579	2507.51	2507.51	2507.51
hgt	1382	GCA.002497285.1.Archaea.Nanoarchaeota	1991.6750000000002	0.0	995.8375000000001
hgt	1474	GCA.002789275.1.Archaea.Huberarchaeota	2178.965	0.0	1089.4825
hgt	1474	GCA.000387965.1.Archaea.Nanoarchaeota	2178.965	0.0	1089.4825
los	1490	GCF.002201895.1.Archaea.Euryarchaeota	2226.5299999999997	0.0	1113.2649999999999
hgt	1490	GCF.002201895.1.Archaea.Euryarchaeota	2226.5299999999997	0.0	1113.2649999999999
los	1497	GCA.002502135.1.Archaea.Undinarchaeota	2229.015	0.0	1114.5075
hgt	1497	GCA.002502135.1.Archaea.Undinarchaeota	2229.015	0.0	1114.5075
spe	1546	1546	2403.395	2403.395	2403.395
spe	1483	1483	2207.27	2207.27	2207.27
spe	1526	1526	2340.985	2340.985	2340.985
los	1448	GCA.001940655.1.Archaea.Asgardarchaeota	2114.17	0.0	1057.085
spe	1548	1548	2412.8450000000003	2412.8450000000003	2412.8450000000003
spe	1389	1389	2001.665	2001.665	2001.665
spe	1450	1450	2116.885	2116.885	2116.885
spe	1450	1450	2116.885	2116.885	2116.885
hgt	1546	1450	2403.395	2116.885	2260.1400000000003
spe	1302	1302	1834.935	1834.935	1834.935
spe	1346	1346	1901.755	1901.755	1901.755
spe	1464	1464	2144.515	2144.515	2144.515
spe	1451	1451	2115.7200000000003	2115.7200000000003	2115.7200000000003
spe	1498	1498	2246.95	2246.95	2246.95
los	1548	1085	2412.8450000000003	1503.255	1958.0500000000002
spe	1085	1085	1503.255	1503.255	1503.255
hgt	1548	1085	2412.8450000000003	1503.255	1958.0500000000002
spe	1311	1311	1859.245	1859.245	1859.245
spe	1308	1308	1843.005	1843.005	1843.005
los	1450	GCA.003034855.1.Archaea.Halobacteriota	2116.885	0.0	1058.4425
spe	1352	1352	1918.545	1918.545	1918.545
spe	1352	1352	1918.545	1918.545	1918.545
spe	1163	1163	1617.1999999999998	1617.1999999999998	1617.1999999999998
hgt	1302	GCA.002254745.1.Archaea.Thermoproteota	1834.935	0.0	917.4675
los	1346	GCF.000148385.1.Archaea.Thermoproteota	1901.755	0.0	950.8775
hgt	1346	GCF.000148385.1.Archaea.Thermoproteota	1901.755	0.0	950.8775
hgt	1346	GCF.000148385.1.Archaea.Thermoproteota	1901.755	0.0	950.8775
spe	1158	1158	1609.3600000000001	1609.3600000000001	1609.3600000000001
spe	1417	1417	2043.585	2043.585	2043.585
los	1451	1381	2115.7200000000003	1983.8000000000002	2049.76
spe	1381	1381	1983.8000000000002	1983.8000000000002	1983.8000000000002
hgt	1451	1381	2115.7200000000003	1983.8000000000002	2049.76
spe	1293	1293	1821.225	1821.225	1821.225
spe	1195	1195	1673.05	1673.05	1673.05
spe	1017	1017	1385.2150000000001	1385.2150000000001	1385.2150000000001
spe	1218	1218	1706.4	1706.4	1706.4
spe	1105	1105	1535.6950000000002	1535.6950000000002	1535.6950000000002
spe	1240	1240	1744.19	1744.19	1744.19
spe	1180	1180	1652.0349999999999	1652.0349999999999	1652.0349999999999
spe	1220	1220	1703.245	1703.245	1703.245
spe	1220	1220	1703.245	1703.245	1703.245
los	1352	1254	1918.545	1761.97	1840.2575000000002
spe	1254	1254	1761.97	1761.97	1761.97
spe	1042	1042	1407.615	1407.615	1407.615
los	1158	GCA.001717025.1.Archaea.Thermoproteota	1609.3600000000001	0.0	804.6800000000001
hgt	1158	GCA.001717025.1.Archaea.Thermoproteota	1609.3600000000001	0.0	804.6800000000001
hgt	1158	GCA.001717025.1.Archaea.Thermoproteota	1609.3600000000001	0.0	804.6800000000001
spe	1290	1290	1818.745	1818.745	1818.745
spe	1342	1342	1894.935	1894.935	1894.935
spe	1264	1264	1773.37	1773.37	1773.37
los	1293	GCA.001940725.1.Archaea.Asgardarchaeota	1821.225	0.0	910.6125
spe	964	964	1257.45	1257.45	1257.45
los	1218	1113	1706.4	1547.68	1627.04
spe	977	977	1285.8449999999998	1285.8449999999998	1285.8449999999998
los	1240	GCA.002497685.1.Archaea.Thermoplasmatota	1744.19	0.0	872.095
spe	1099	1099	1520.155	1520.155	1520.155
spe	1072	1072	1480.9899999999998	1480.9899999999998	1480.9899999999998
los	1220	GCF.000194625.1.Archaea.Halobacteriota	1703.245	0.0	851.6225
los	1220	GCA.002011165.1.Archaea.Halobacteriota	1703.245	0.0	851.6225
spe	1051	1051	1438.885	1438.885	1438.885
spe	1162	1162	1623.1799999999998	1623.1799999999998	1623.1799999999998
los	1290	GCA.001593865.1.Archaea.Thermoproteota	1818.745	0.0	909.3725
hgt	1290	GCA.001593865.1.Archaea.Thermoproteota	1818.745	0.0	909.3725
spe	1211	1211	1695.4	1695.4	1695.4
los	1342	1091	1894.935	1500.96	1697.9475
spe	1175	1175	1634.2350000000001	1634.2350000000001	1634.2350000000001
los	1264	1117	1773.37	1545.885	1659.6275
los	964	914	1257.45	1058.614	1158.0320000000002
spe	951	951	1203.2150000000001	1203.2150000000001	1203.2150000000001
hgt	1113	GCA.002494765.1.Archaea.Thermoplasmatota	1547.68	0.0	773.84
spe	972	972	1280.6399999999999	1280.6399999999999	1280.6399999999999
los	1072	962	1480.9899999999998	1254.4450000000002	1367.7175
los	1162	1021	1623.1799999999998	1389.9499999999998	1506.5649999999998
spe	1098	1098	1522.7849999999999	1522.7849999999999	1522.7849999999999
spe	920	920	1076.3105	1076.3105	1076.3105
los	1211	GCA.001593855.1.Archaea.Thermoproteota	1695.4	0.0	847.7
los	1175	880	1634.2350000000001	786.4855	1210.3602500000002
spe	880	880	786.4855	786.4855	786.4855
hgt	1175	880	1634.2350000000001	786.4855	1210.3602500000002
hgt	1117	GCA.002506605.1.Archaea.Thermoproteota	1545.885	0.0	772.9425
hgt	914	GCF.000165345.1.Eukaryota.Apicocomplexa	1058.614	0.0	529.307
dup	914	GCA.000315625.1.Eukaryota.Cryptophyceae	1058.614	0.0	529.307
spe	929	929	1138.49	1138.49	1138.49
spe	906	906	1031.0195	1031.0195	1031.0195
hgt	1021	GCF.002114285.1.Archaea.Halobacteriota	1389.9499999999998	0.0	694.9749999999999
hgt	1021	GCA.003158275.1.Archaea.Halobacteriota	1389.9499999999998	0.0	694.9749999999999
spe	1004	1004	1362.9650000000001	1362.9650000000001	1362.9650000000001
dup	880	GCA.002011085.1.Archaea.Thermoproteota	786.4855	0.0	393.24275
spe	913	913	1074.125	1074.125	1074.125
los	906	883	1031.0195	815.5625	923.291
spe	883	883	815.5625	815.5625	815.5625
hgt	906	883	1031.0195	815.5625	923.291
spe	948	948	1194.24	1194.24	1194.24
los	1004	GCA.001412335.1.Archaea.Halobacteriota	1362.9650000000001	0.0	681.4825000000001
spe	873	873	570.5515	570.5515	570.5515
los	948	GCF.000970205.1.Archaea.Halobacteriota	1194.24	0.0	597.12
hgt	948	GCF.000970205.1.Archaea.Halobacteriota	1194.24	0.0	597.12
