event	left node	right node	left date	right date	midpoint date
spe	1692	1692	3018.815	3018.815	3018.815
spe	1247	1247	1723.2350000000001	1723.2350000000001	1723.2350000000001
spe	1657	1657	2723.605	2723.605	2723.605
spe	1684	1684	2916.245	2916.245	2916.245
hgt	1698	1684	3050.45	2916.245	2983.3475
spe	1597	1597	2420.455	2420.455	2420.455
spe	1594	1594	2416.915	2416.915	2416.915
spe	1558	1558	2112.65	2112.65	2112.65
spe	1620	1620	2510.455	2510.455	2510.455
spe	1188	1188	1625.3200000000002	1625.3200000000002	1625.3200000000002
hgt	1565	1188	2298.405	1625.3200000000002	1961.8625000000002
hgt	1605	GCA.002011615.1.Bacteria.WOR.3	2433.75	0.0	1216.875
spe	1590	1590	2405.8050000000003	2405.8050000000003	2405.8050000000003
hgt	1626	1590	2550.5649999999996	2405.8050000000003	2478.185
spe	1536	1536	2216.5299999999997	2216.5299999999997	2216.5299999999997
spe	1375	1375	1801.635	1801.635	1801.635
spe	1454	1454	1996.5549999999998	1996.5549999999998	1996.5549999999998
spe	1546	1546	2249.485	2249.485	2249.485
los	1558	GCA.003503675.1.Bacteria.Cyanobacteria	2112.65	0.0	1056.325
hgt	1558	GCA.002783405.1.Bacteria.Cyanobacteria	2112.65	0.0	1056.325
spe	1584	1584	2371.88	2371.88	2371.88
hgt	1356	GCA.002898575.1.Bacteria.Armatimonadota	1799.1799999999998	0.0	899.5899999999999
hgt	1353	GCA.001768645.1.Bacteria.Actinobacteriota	1777.3000000000002	0.0	888.6500000000001
spe	1507	1507	2113.35	2113.35	2113.35
spe	1545	1545	2236.7	2236.7	2236.7
los	1536	1446	2216.5299999999997	1968.2	2092.365
spe	1455	1455	1994.0249999999999	1994.0249999999999	1994.0249999999999
los	1375	GCA.002239025.1.Bacteria.Chloroflexota	1801.635	0.0	900.8175
hgt	1375	GCA.002239025.1.Bacteria.Chloroflexota	1801.635	0.0	900.8175
spe	1349	1349	1803.385	1803.385	1803.385
spe	1396	1396	1862.6550000000002	1862.6550000000002	1862.6550000000002
spe	1452	1452	1987.5749999999998	1987.5749999999998	1987.5749999999998
los	1546	1500	2249.485	2094.15	2171.8175
spe	1542	1542	2232.24	2232.24	2232.24
hgt	1474	GCA.000375685.1.Archaea.Thermoproteota	2026.55	0.0	1013.275
spe	1347	1347	1788.28	1788.28	1788.28
spe	1467	1467	2012.51	2012.51	2012.51
spe	1399	1399	1876.995	1876.995	1876.995
los	1545	1194	2236.7	1581.31	1909.0049999999999
spe	1330	1330	1783.375	1783.375	1783.375
los	1349	1270	1803.385	1679.7150000000001	1741.5500000000002
spe	1180	1180	1577.9099999999999	1577.9099999999999	1577.9099999999999
spe	1225	1225	1589.8200000000002	1589.8200000000002	1589.8200000000002
los	1396	1056	1862.6550000000002	1430.125	1646.39
los	1452	1164	1987.5749999999998	1538.99	1763.2824999999998
spe	1164	1164	1538.99	1538.99	1538.99
hgt	1452	1164	1987.5749999999998	1538.99	1763.2824999999998
spe	1395	1395	1858.705	1858.705	1858.705
spe	1503	1503	2105.2200000000003	2105.2200000000003	2105.2200000000003
spe	1492	1492	2064.395	2064.395	2064.395
hgt	1257	GCF.000194625.1.Archaea.Halobacteriota	1616.7	0.0	808.35
los	1347	1210	1788.28	1606.47	1697.375
spe	1128	1128	1487.92	1487.92	1487.92
spe	1382	1382	1838.915	1838.915	1838.915
los	1399	1204	1876.995	1607.105	1742.05
los	1330	GCA.003229915.1.Bacteria.Chloroflexota	1783.375	0.0	891.6875
spe	1235	1235	1648.125	1648.125	1648.125
los	1180	GCA.003130875.1.Bacteria.Chloroflexota	1577.9099999999999	0.0	788.9549999999999
spe	1025	1025	1386.06	1386.06	1386.06
los	1225	GCA.002366595.1.Bacteria.Chloroflexota	1589.8200000000002	0.0	794.9100000000001
hgt	1056	GCA.002423325.1.Bacteria.Chloroflexota	1430.125	0.0	715.0625
los	1395	1129	1858.705	1519.02	1688.8625
hgt	970	GCA.003243965.1.Bacteria.Chloroflexota	1294.4735	0.0	647.23675
spe	1362	1362	1717.6950000000002	1717.6950000000002	1717.6950000000002
spe	1460	1460	2001.3500000000001	2001.3500000000001	2001.3500000000001
los	1492	1359	2064.395	1811.9850000000001	1938.19
hgt	1141	GCF.002078355.1.Archaea.Thermoplasmatota	1534.115	0.0	767.0575
hgt	1571	GCA.003230535.1.Bacteria.SZUA.182	2277.575	0.0	1138.7875
hgt	934	GCF.900142435.1.Bacteria.Aquificota	1235.659	0.0	617.8295
los	1128	GCF.000969705.1.Bacteria.Actinobacteriota	1487.92	0.0	743.96
spe	1120	1120	1480.79	1480.79	1480.79
spe	1122	1122	1519.76	1519.76	1519.76
hgt	1025	GCA.003451595.1.Bacteria.Chloroflexota	1386.06	0.0	693.03
los	1025	GCA.002366755.1.Bacteria.Chloroflexota	1386.06	0.0	693.03
los	1362	GCF.000015965.1.Bacteria.Cyanobacteria	1717.6950000000002	0.0	858.8475000000001
spe	1184	1184	1509.135	1509.135	1509.135
spe	1426	1426	1938.175	1938.175	1938.175
hgt	875	GCA.002011075.1.Archaea.Thermoproteota	925.9285	0.0	462.96425
hgt	1030	GCA.002010665.1.Bacteria.Acidobacteriota	1417.7199999999998	0.0	708.8599999999999
hgt	1427	GCA.001775255.1.Bacteria.Desulfobacterota.D	1930.555	0.0	965.2775
los	1120	GCF.004348535.1.Bacteria.Actinobacteriota	1480.79	0.0	740.395
hgt	1120	GCF.004348535.1.Bacteria.Actinobacteriota	1480.79	0.0	740.395
spe	1037	1037	1370.4699999999998	1370.4699999999998	1370.4699999999998
los	1122	GCA.003484395.1.Bacteria.Chloroflexota	1519.76	0.0	759.88
spe	1090	1090	1474.2800000000002	1474.2800000000002	1474.2800000000002
spe	868	868	796.3525	796.3525	796.3525
hgt	1426	GCF.003838225.1.Bacteria.Cyanobacteria	1938.175	0.0	969.0875
spe	1401	1401	1887.2350000000001	1887.2350000000001	1887.2350000000001
hgt	888	GCF.000091205.1.Eukaryota.Rhodophyta	1084.09	0.0	542.045
hgt	1264	GCF.900079095.1.Bacteria.Tectomicrobia	1667.435	0.0	833.7175
hgt	1327	GCA.001803565.1.Bacteria.Nitrospinota.B	1778.33	0.0	889.165
hgt	1261	GCA.001303705.1.Bacteria.TA06	1661.2600000000002	0.0	830.6300000000001
spe	975	975	1276.115	1276.115	1276.115
spe	968	968	1261.825	1261.825	1261.825
spe	982	982	1336.415	1336.415	1336.415
los	1090	GCA.002347295.1.Bacteria.Chloroflexota	1474.2800000000002	0.0	737.1400000000001
hgt	905	GCF.900066015.1.Bacteria.Chloroflexota	1158.2640000000001	0.0	579.1320000000001
hgt	905	GCA.002702065.1.Bacteria.Chloroflexota	1158.2640000000001	0.0	579.1320000000001
spe	867	867	163.12655	163.12655	163.12655
spe	1291	1291	1635.52	1635.52	1635.52
spe	1364	1364	1825.65	1825.65	1825.65
hgt	1403	GCF.000013045.1.Bacteria.Bacteroidota	1879.3849999999998	0.0	939.6924999999999
hgt	975	GCF.003443735.1.Bacteria.Actinobacteriota	1276.115	0.0	638.0575
spe	886	886	976.5785	976.5785	976.5785
los	968	907	1261.825	1110.6399999999999	1186.2325
spe	898	898	1087.464	1087.464	1087.464
los	982	GCA.002367275.1.Bacteria.Chloroflexota	1336.415	0.0	668.2075
hgt	982	GCA.002367275.1.Bacteria.Chloroflexota	1336.415	0.0	668.2075
spe	1135	1135	1444.79	1444.79	1444.79
spe	1147	1147	1436.775	1436.775	1436.775
los	1364	1326	1825.65	1773.275	1799.4625
hgt	1033	GCA.003223995.1.Bacteria.Acidobacteriota	1397.7649999999999	0.0	698.8824999999999
hgt	1374	GCA.003170555.1.Bacteria.FEN.1099	1793.69	0.0	896.845
spe	1520	1520	2147.98	2147.98	2147.98
hgt	1569	1520	2325.3100000000004	2147.98	2236.6450000000004
los	886	GCF.001591405.1.Bacteria.Actinobacteria	976.5785	0.0	488.28925
los	898	GCA.001437855.1.Bacteria.Actinobacteriota	1087.464	0.0	543.732
hgt	1135	GCF.000316115.1.Bacteria.Cyanobacteria	1444.79	0.0	722.395
los	1135	GCA.001698445.1.Bacteria.Cyanobacteria	1444.79	0.0	722.395
hgt	1135	GCA.001698445.1.Bacteria.Cyanobacteria	1444.79	0.0	722.395
hgt	1326	GCF.000317045.1.Bacteria.Cyanobacteria	1773.275	0.0	886.6375
hgt	1326	GCF.000317045.1.Bacteria.Cyanobacteria	1773.275	0.0	886.6375
spe	1224	1224	1634.795	1634.795	1634.795
hgt	1326	1224	1773.275	1634.795	1704.035
hgt	931	GCA.003152095.1.Bacteria.Acidobacteriota	1226.5439999999999	0.0	613.2719999999999
spe	1405	1405	1824.305	1824.305	1824.305
spe	1482	1482	2054.51	2054.51	2054.51
hgt	1226	GCF.000266945.1.Bacteria.Desulfobacterota	1605.6	0.0	802.8
hgt	884	GCF.001942305.1.Bacteria.Actinobacteriota	987.5229999999999	0.0	493.76149999999996
hgt	885	GCF.000430605.1.Bacteria.Firmicutes.C	950.2895	0.0	475.14475
spe	866	866	34.435	34.435	34.435
spe	910	910	920.2075	920.2075	920.2075
spe	1097	1097	1481.005	1481.005	1481.005
hgt	1246	1097	1652.795	1481.005	1566.9
los	1405	GCA.002731275.1.Bacteria.Myxococcota	1824.305	0.0	912.1525
spe	1465	1465	2001.85	2001.85	2001.85
spe	1372	1372	1822.44	1822.44	1822.44
dup	1139	GCA.002763895.1.Bacteria.Bacteroidota	1531.79	0.0	765.895
dup	1139	GCA.002763895.1.Bacteria.Bacteroidota	1531.79	0.0	765.895
dup	1139	GCA.002763895.1.Bacteria.Bacteroidota	1531.79	0.0	765.895
hgt	1139	GCA.002763895.1.Bacteria.Bacteroidota	1531.79	0.0	765.895
hgt	1139	GCA.002763895.1.Bacteria.Bacteroidota	1531.79	0.0	765.895
los	866	Richelia.intracellularis.HM01	34.435	0.0	17.2175
spe	871	871	795.3699999999999	795.3699999999999	795.3699999999999
spe	929	929	1228.3465	1228.3465	1228.3465
spe	997	997	1350.25	1350.25	1350.25
spe	1373	1373	1835.155	1835.155	1835.155
los	1465	1315	2001.85	1750.53	1876.19
spe	1302	1302	1729.09	1729.09	1729.09
los	1372	1104	1822.44	1472.175	1647.3075
hgt	955	GCA.002877985.1.Bacteria.Desulfobacterota	1297.81	0.0	648.905
hgt	1095	GCF.000503775.1.Bacteria.Firmicutes	1426.77	0.0	713.385
hgt	1205	GCA.002352565.1.Bacteria.Proteobacteria	1583.705	0.0	791.8525
los	929	GCA.002898795.1.Bacteria.Desulfobacterota.B	1228.3465	0.0	614.17325
los	997	GCA.001798565.1.Bacteria.Desulfobacterota.B	1350.25	0.0	675.125
spe	1265	1265	1676.35	1676.35	1676.35
spe	979	979	1328.145	1328.145	1328.145
hgt	1373	979	1835.155	1328.145	1581.65
spe	1080	1080	1444.88	1444.88	1444.88
los	1302	GCA.001798605.1.Bacteria.Myxococcota	1729.09	0.0	864.545
spe	1036	1036	1389.97	1389.97	1389.97
los	1265	1131	1676.35	1516.9050000000002	1596.6275
los	979	GCA.002707085.1.Bacteria.Myxococcota.A	1328.145	0.0	664.0725
los	1080	GCA.002696345.1.Bacteria.Myxococcota	1444.88	0.0	722.44
los	1036	GCA.002841945.1.Bacteria.Myxococcota	1389.97	0.0	694.985
